0.038697979746071004
-11.824969605857797
2.028470285366821
0.5220751043559996
0.11904987235954188
0.31223713180593315
0.6002135989238813
0.05157436290311549
0.040605686662444504
-8.323252404300302
2.7969154819739206
0.5946400971549191
-0.040112563389709435
0.2514438190430895
0.35423365877984436
0.03635430908458993
0.019066031411313123
-0.19584456018696217
0.4900257466474735
0.2663488034184422
0.03315242043189272
0.010157705402405114
-0.02180537684248981
0.0048980298001710465
0.015469781609230909
-0.3528013756555787
1.9499338449888062
3.0664201578800347
2.1016965864896213
0.8612015239061838
-0.04113682583576002
-0.28671086016048203
0.10038188265006744
0.4386861444566529
0.16765074268963184
-0.012109942150135573
-0.004521873459405263
0.16065083373176028
0.19070912590874076
0.08801474703577057
0.002210414190040337
-0.007313867180385924
-0.034001331743414735
0.085643514403109
0.10388195857878599
-0.004468886753585108
-0.014418498773016682
-0.00897718682928669
0.05250875982145699
0.04230259272004669
-0.025962260613517904
0.05104660799630984
-0.0022327017291159453
-0.11411157828510275
0.05442888637398936
0.1950408433617686
0.7276643436783228
1.693573477476791
2.052108019419011
0.6950592269017493
-0.047695926616766485
-0.37962142015257455
0.30402492430578176
0.16033982380715647
-0.1584083565008371
-0.0367934718393654
0.1681803388624306
0.3109357149367345
-0.0045736497891192265
-0.04489580374886717
0.014847950900500341
0.031870516974878756
-0.07176248250352313
0.0412859538309973
0.20706135348961563
0.014699934131594655
-0.045198658587936945
-0.1621483622957374
0.09559116771998183
0.22101884895546808
-0.04203103222880682
0.13960779336432158
0.2208743730124759
-0.24795629984074544
-0.21191130318488394
0.6645107990439306
0.03516510100631669
-0.7760600596915398
-1.9743641731898869
-1.2543380733722829
0.17488709535176877
-0.07016505439881901
-0.2598050427977438
-0.5273901423563635
-0.3259201412903555
0.013592637204228724
0.02725408625848469
-0.10210979198752143
-0.11658367559298119
-0.028793382200738956
0.002016813260453118
-0.0005324998077604521
0.03742743421494887
-0.03194342563320631
-0.08266036191243148
-0.002990530358359044
-0.0104610934582224
0.016170218742007535
0.012968598420974652
-0.03956510757235773
0.0002460540190023691
0.018876826439683955
0.04397519452132091
-0.03962697971415667
-0.08457688081231764
-1.3525450532071992
-0.2595227727780025
1.2978954074821172
1.0232173542214118
0.08630967134123066
-0.43186572103021975
-0.28825348409672047
0.011902988427166899
-0.45821302460937774
-0.46018324954331224
-0.03482780427210418
0.09560017323632705
0.15355951649080593
-0.17866262912654368
-0.2505705997332595
-0.034194557216312135
0.08667418795840025
0.12821614634544262
-0.10343034430734882
-0.029454370347000554
0.021767839219641413
0.002182870732822419
-0.04553820497662166
-0.01721480869693535
-0.030010900397329638
-0.003925193946681684
0.0801972033441772
0.0826451194210433
-0.09777051804481086
-0.11105914611757027
0.7399088865747269
0.40446588336038297
-0.7785409960382995
-2.5005912273919524
-1.4903783924907195
0.046749235782373465
-0.12460016785194944
-0.2472628289865998
-0.2366474325756532
-0.1310127666449065
0.060468756550312294
0.06657479942651796
-0.2064307149043906
-0.12877078724821525
0.044181040361070414
0.014569270513038897
-0.0004030365000882274
-0.06737003449292395
0.03167020051149593
0.0817142828379778
0.005732848889899067
-0.0008140341141446012
-0.02479985609997909
0.0032000834766137192
0.02642010310943381
-0.0010923282400747494
-0.0032851937316697257
0.008747118976597546
0.01835072913652601
0.0070116687373241865
1.084235879067758
1.1428418327406138
0.09167554437876738
-0.7757367864275795
-0.5474647757998077
-0.013740771049033814
0.04938173055523008
0.059439808184939776
0.07593215332530066
0.03028862055378729
0.0267875226219861
0.08125031917509377
0.04897244887640913
0.03179348932629776
0.029085283641273905
-0.0005144610812773563
-0.008734867529015164
-0.014398085158637131
0.04073853417926416
0.04928902239849376
0.00028956111202412747
-0.005772072461927758
-0.0029182657103875823
0.022452344138583005
0.02219543519456935
-9.5531083952759e-5
-0.0002392064069911285
-0.0014139081836385117
0.005851775778570983
0.00971478907952217
0.058157456047949
-0.10112132692910474
-0.31291428967153756
-0.36356465351554007
0.008860399433639529
0.011166037066703204
0.007327606814551127
-0.015133156407322598
0.006879742336634373
0.0017468072614339406
-0.01008340691988175
-0.0029172461429423256
-0.003317052925006532
0.0015743872621346237
0.008405035221528504
-0.006570833162828732
-0.12799852588508562
0.030890581848034226
-0.036238712112633485
-0.1311935183947922
0.002298041062141038
-0.004725277801592491
-0.007238507496443989
0.02007719175834525
0.008461875598708098
0.003848627787904895
0.001715768864713152
0.015620203548167566
-0.0036784632359205902
-0.0019763676163804256
0.003801401855351825
0.0014598539104328447
0.006321452992387659
-0.043320515242257114
-0.03011444894660379
-0.2104194205408292
-0.019324070940692124
0.001420828908372684
-0.00908351045046714
0.0321377363588419
-0.001743197520977571
0.007811600888715101
-0.007132581566322951
0.0019113507083589037
4.8777330256316514e-5
0.0007362858065239727
0.00067592064628144
0.004626114176243933
-0.30650194342334475
0.41583956678606565
0.5133232660827356
0.2574773361703358
0.05589368641584905
0.06030895195422458
-0.0678655068301276
-0.0009642044963196581
0.010591256906160237
-0.01645206892691841
0.0015043529933111842
0.026051632887930738
0.0009239152138587511
-0.007962891712751536
-0.008136514862026229
0.008907223502920407
-0.26826972214850087
-0.14086886124934303
0.12499373105460528
-0.020616767417084337
-0.021445184092078278
0.01181254484822136
-0.02176277174549116
0.02002751020839084
-0.006423310090680511
0.003877183157613965
-0.007132787158140714
-0.005853867665310931
-0.0029781043792059944
-0.0009110560556935878
-0.001228284038656224
-0.00594350249808628
-0.11110644797459653
-0.07961498569183513
0.01645931665507256
0.023003485315657705
0.006171976618034098
0.009051506016011917
0.008208178405245946
-0.00912189237728381
-0.0011848795454725528
-0.004800138831431651
0.0019305975671164777
-0.00038459452215300485
0.0018053435181728688
0.0003962671654919065
-0.00106909498261742
0.0004372626803045573
0.868195980289215
1.2304452508855341
0.3754843584380602
0.9840860623979543
0.060919956975606586
-0.06538824213298208
-0.14084762994363217
-0.166274530683272
0.008717644051274523
-0.008694215271841147
0.028593661150004838
0.0012471464806212689
0.051540761236555634
0.010524759288848004
-0.13056749153068978
-0.08052607491986671
-0.10294824168290977
0.11650162470303521
0.1528604054207039
-0.010439652170016734
-0.012652318954651737
0.014155883765916718
-0.011735522420350057
0.011552970300017201
-0.0010212796523496443
-0.002199125228380961
-0.009186716303761153
-0.011894209069078246
0.0003438872021988403
-0.007563880286570194
-0.0054209485224555095
-0.018004996634062843
-0.16175687644550432
-0.2663183066738821
-0.12059338151262089
-0.09564411229295547
0.007458864062222746
0.012188165059006646
-0.007899141277009504
0.01604283809989887
0.003961489319880972
0.010476941611541253
0.0013660821260523
0.0004391426192829782
0.0007566565965928361
-0.0017755908620979307
-0.0027171277252276294
-0.0009698695921359885
-0.029604345944760444
-0.1622667343425333
-0.049301676186868156
-0.09058384329833899
0.0021004418807465636
0.007026930908853278
-0.0018259635729191812
0.014882960042553815
0.0008339972628162637
0.006960634382518431
-0.000367740114722937
0.00600341808559581
0.000429758449194541
0.0009719436603016628
-0.0005347906856308081
0.0018101239213575875
0.011056638213112407
-8.323251541567249
2.7969144702762585
0.5946387641283831
-0.04011169992382907
0.25144456211307764
0.3542388824309493
0.03634949672760341
0.01906279315118016
4.167588236144977
2.478144505520669
1.05715339971385
-1.7800361720249671
-2.0389182382453983
-3.062003612496286
-0.14223567174320578
-0.10716069801645614
1.0310284105617247
0.4242397206839553
0.43328021987089954
0.12000866277179725
0.06291033016386252
0.011773191933233656
-0.020479378825360283
-0.07367355135381258
1.8084383998392752
0.8874764315606085
2.000598465325331
0.4644623389127273
-0.46775170369991054
0.0419154632309195
-0.44549828774021744
0.05038799875072077
0.5434140812860868
0.25146280317906533
-0.08009755575613708
-0.03007999952506638
0.26463331271051765
0.044760320246800524
0.039270752751085734
-0.02598544665737763
0.06435686378318467
-0.10669187007255126
-0.05727603253452403
0.254623624083386
-0.007229556877286394
0.009186963696520233
-0.08692314353516216
0.043786818300748764
0.0929104504128128
-0.05811968530078454
0.02972040926783866
0.23364411050436276
-0.0334915257620294
-0.21792605697125286
-4.525464040787998
-3.6779274188374003
-0.6131341451794903
2.0596655503164434
1.8284200586467168
0.9330345353974416
-0.033893297074344575
0.9223741438803007
-0.8704986754616985
-0.3834481171137338
-0.4655222119957704
0.8030425818100536
0.05917987231059632
-0.19222375478311676
0.047511612551760535
0.10358310934989998
0.08358044768983905
-0.2433642437498814
-0.031095146104592068
0.427615182207241
-0.007414922769700605
-0.07846240712797573
0.0630187926313853
0.18178310907018194
-0.10008327091661866
-0.10563264183628335
-0.01489095652760821
0.4386196621400471
-0.27091868415624487
-0.20086293746519648
0.3381004064142317
-2.0576133961743324
-0.8400659845410263
-0.5339055527398961
-0.6640137591128547
0.26513790302998025
0.1225754791023006
-0.07089494525428323
-0.35486212866420863
-0.2243140805127428
-0.04716209406154543
0.02545088701223067
-0.11813617692795154
-0.018617325733928908
-0.022964407969539705
-0.009343352270506321
-0.02313817100613418
0.058985714769355525
-0.030091208097290895
-0.13880178174805433
0.0018638853910123425
0.009082912346101478
0.05625368426661902
-0.03916207811084289
-0.07743572955628579
0.0003062355366518508
0.012592889020867965
0.03187681810846417
-0.02145191732549309
-0.0338277403946942
0.42212117997761517
0.42212120608330717
0.422121177999136
0.422121153834261
0.4221211891446371
-0.2733769917065662
-0.2733769541751223
-0.27337698749122874
-0.2733768156032814
-0.27337681232353145
0.41347866750765516
0.41347842993310907
0.4134786777314102
0.41347953646073643
0.41347885402041373
0.02431985352114885
0.024320124948495614
0.024320535069981934
0.02431963166298601
0.024319656039811784
-0.04659243679837417
-0.04659237939111249
-0.046592692036958455
-0.046591539862908586
-0.04659319657258
0.0070481921575334195
0.0070484014828465025
0.007048279094249376
0.007048129626297382
0.00704851884091327
1.1627397703659417
4.92274594157266
-3.7936371510743174
0.8050458666069812
-0.7021595739747883
0.14389253923208156
-0.017932461476404895
-1.3097036432555527
-1.0887076263517537
-0.825074951114159
-0.30569922437182445
-0.5802236073710576
0.18199261733063427
0.5846964570291999
0.23236862318453408
0.09695621306768061
-0.0013271820553507553
-0.054659706847231704
-0.03298900343287734
-0.0155192176404009
-0.009151683908765383
-0.024894271936071927
0.028796151553164832
0.014026951418987604
-0.018229921969889214
-0.004719574305445836
-0.010639611003398866
0.02206532136471477
0.022599204118032675
0.00786480214305879
-0.18738640756581387
-1.2967025430183257
-1.0037411486896084
0.36722793699941675
-0.0735036321256877
0.008969652881873543
0.07135678840577116
0.0017961946841399522
-0.10914986854087719
-0.18526973904312377
-0.006283615967316366
0.028138676007945607
0.11737694731033871
-0.0068789511288094305
-0.016116930560368455
0.009541955209436516
0.01489750686794153
-0.038746979412060956
-0.016673390836622733
0.031674771532310776
0.002258610513060117
0.0021419843253666212
-0.001468902760657605
0.008169954003642288
0.01262255795683637
0.0011785873674385549
0.002882904502716709
0.0023941103833626165
0.002122621612949855
0.0028532747306792335
-0.2451266267529644
-0.07623805197487281
0.06218137628187886
-0.01252269817589039
-0.0002291997420256203
0.03842639041303591
0.022185594287280452
-0.027240070759283124
-0.0007975386401846951
0.04425748230636736
-0.004119338661130703
-0.07244365465819234
0.0036255195816511177
0.00045204560071564665
-0.010272756040673483
0.004269647622079012
0.4256776397233617
-0.24981834921129029
-0.21608252043880882
1.2885512178355485
-0.05021199305692732
-0.016163541389916915
-0.0073397632773738375
0.16633749265016706
0.0011127411788807683
-0.0017671833612632733
0.060765880966660274
-0.03977968868198488
-0.009318689276672246
-0.03467830123310993
0.009936365470170922
0.019778189414479817
-0.2526940531718027
0.30802828048487296
0.03018088249869806
0.2729558633107764
-0.05150910205452578
-0.0013273395341673795
0.013633314018317383
0.011112842370752787
-0.008027316173727064
-0.006777638604477738
0.004791705394695197
0.07919419032371967
0.008728884314871725
-0.016378143006336617
0.007981312525163643
-0.0010245806968562814
-10.517856048197176
-14.962381021577032
0.13226222225129344
0.13226220711165448
1.4538651340242885
0.6575233177148807
-0.12026761666316263
-0.12026737512864738
-0.03276370893381906
0.6162526719931443
-0.20671437675952917
-0.20671446955540138
-0.052324866742428526
-0.04960321466662333
0.005895429201181531
0.005895476717353479
-0.06386162544297709
1.155564762796173
0.7730236974976982
0.5583823611434904
-0.08444674025581697
0.18951692827841313
-0.2958093530296363
-0.20864381973729432
-0.04979947520579731
0.04252525987824457
0.00036233125668869805
0.003662771216308881
-0.007926178560639315
0.0012022389176703913
-0.00213362182907737
-0.00971389857132011
-0.19429805308471487
0.0840141952852904
0.2620887302634054
0.13683034825685564
0.0200212852144822
-0.014309806740239421
-0.057847575473107885
-0.03991959862286774
-0.008545752681913904
0.00774283326373877
0.010406216787043092
-0.023986170893323996
0.004563523625023296
2.581159564004007e-5
-0.005332437149877157
0.0019302251456545622
0.3480839512468771
0.3480839459232553
0.3480839459736936
0.34808395823588695
0.13921335550422015
0.1392132110454897
0.13921322955466428
0.13921337330023448
0.12092920600777667
0.12092887983095968
0.1209292282382706
0.12092912656958009
-0.06651530477086096
-0.06651520894530696
-0.0665155476339822
-0.06651530402225857
-3.81114695677156
-3.8111468968773266
-3.8111469266636884
-12.243539172124255
-0.026247746523715462
-0.026246909163328124
-0.026248015821319286
-0.6399047155480035
-0.05250745456889175
-0.052507538300489175
-0.05250752462095461
-0.21439460208311406
-0.002328127681516024
-0.0023273620084449083
-0.0023289043421013357
-0.01455787342752166
0.35864047383315484
-0.6364098027446011
2.2850278152390087
0.08601340384897568
0.013722423856225246
0.13511692226280062
0.3244779177166689
0.04185491132242437
0.01951213495592395
-0.04698605549410831
0.01692373613314604
0.012076730591115522
-0.0016206639609782803
-0.0005769628837967763
0.004260235772917096
-0.0010882943511316891
-0.12776143593007983
0.20664004219582774
0.3356135934802704
0.23215380402757343
-0.019989575510968853
0.012838226600134582
0.048851814052615586
0.017469308440155696
-0.0009725687873539654
-0.0014838176479960244
0.010468954385246042
0.006073288064518259
-0.0015831250493896117
-0.00013432828736788176
0.003028535423092278
0.004217395080065059
0.05528237377571764
-0.1957713216846095
0.49013177348411646
0.2664271009619762
0.03298348689116519
0.010138607967932664
-0.02111799737420859
0.005049125747648676
0.006310856011262278
1.0304078886148578
0.4226370642971723
0.4323833701936522
0.12200671017366253
0.06401686082579942
0.005457806696575359
-0.02046325692262522
0.04334748750825627
4.216680148949088
0.27337402447941067
0.31640443506078464
0.13899227602320108
0.18744843104537262
0.26640325858121855
0.018421476599875603
0.010696373981646835
0.676223524166171
0.5531443824732847
-0.3200379551516499
-0.07508995912743019
-0.35805850548203283
0.14689191096188814
-0.3162744620605175
-0.014455722433689151
0.10829100707575157
0.1316195690828745
0.04452553570488425
-0.05952173798814895
0.04296188866157309
0.01691272087703792
-0.054419199244973786
-0.007500160804800623
0.019638084563458433
-0.058500083991025915
-0.00938976907602952
-0.020616528053323917
-0.0015261088436736199
-0.02526887052677682
0.004904911645087486
0.0756831498576149
-0.07460396756143253
-0.004991786173004483
-0.005852184888065148
0.02119500453360178
0.029745025491161155
-0.05472402224315873
-0.5041296098317207
1.412170020196357
0.2942769807332556
-0.03133462821606376
-0.7765543044511382
0.1803340762173617
0.2524201337594411
-0.4473835277623698
0.05604366960752003
0.07207798395742593
0.08396494752119685
0.06686686261750663
-0.04465012351756157
0.041478036264300265
0.01866522619699838
0.019864265934400094
-0.008343924686151274
-0.07959480446402933
0.01232347460340069
-0.01302262272854429
-0.0039584749320397865
-0.0216463581876899
0.009835088628364156
0.036945582831614955
-0.03086909889581677
-0.003556231885792058
-0.000995827687645609
0.010060935062071653
0.005540445917504788
-0.01179490485451124
-2.368447219523985
-1.3379858088808887
0.6001637278422947
0.8463952919972668
0.18462855872859868
-0.13082625909777043
-0.033577594846201646
-0.5040879713114371
0.20002007354389484
0.5895396610173049
-0.06606641741813558
0.030640620344884278
-0.006785639975233833
0.02663675012941538
0.039166727703965135
0.01353134588904959
-0.03005732394357535
-0.04882530483880555
0.0393772524199123
0.030820937408527985
0.010962052172553628
-0.010464408270122093
-0.023128880830830385
0.0018217964934014916
0.02601984271982252
0.0034929030321706554
-0.005368170315336199
-0.00917956027085809
0.009450736051247487
0.00613423954194728
-2.400958468603265
0.9128136250101576
3.4865334626573077
0.4905701406727027
1.952899557493393
0.4058323425306736
-0.31703751911842687
-0.7768896240193194
0.44190635096743197
0.5527616938673106
0.28633083022814304
0.2973033097789374
-0.0522626269460559
-0.24542745204492175
-0.19545621741008606
-0.022993825369750975
0.03167904765194764
0.16171163801406352
0.04772736863689071
-0.09903534878294122
0.004067549687743337
0.00785992685091903
0.03118333111390682
-0.027592926658874722
-0.04308290656675721
0.001420465428982296
0.005472272225958037
-0.0007624657260197214
0.0030606174770599535
-0.01997773587487633
-0.9656099066306278
-1.0096655608883358
-1.35936422159932
0.29784856520018993
0.9333941255124057
-0.21755843763171923
-0.12184435843150151
-0.3133975951405067
0.567168960881897
0.3713181741025796
-0.01845741164254305
-0.03744831239200797
-0.12204229459869881
0.12197922739728802
0.25469706360620986
-0.0033153705052933573
-0.007273193043160778
-0.0628272239845441
0.05551599941547543
0.10046901483837978
0.004328980242380804
-0.007307989583044971
-0.004607405926143123
-0.004974361720049863
0.025642085363811493
-0.000870046800599338
0.001188217829934203
-0.003507222596573936
-0.0011539187308417555
0.010016054590473228
-0.17687449454782508
-0.9834623875399194
-2.029806257536591
0.12557614200951756
1.0072528681720667
-0.14996260011575482
0.06645970754885999
0.015342920788419978
-0.011402689095341293
-0.17473386166829427
-0.0008059235650640285
0.0017756473307433452
-0.06324677020779115
0.01508540093542427
0.06273017151255011
-0.006695738935252674
0.007677726068572351
0.015397126772244411
0.0010820503704700153
-0.025369344258613463
0.0004959621509820953
-0.002333410126750184
0.0047574997268861816
0.013043346510086538
-0.008266157256952308
0.002556610174364246
-0.0010227435978506121
-0.0317756518167456
-0.004101664950628052
0.03157893557995463
0.040591579635570835
-0.37811622659847305
0.24800016264394945
0.008637473311185194
0.013209023214527568
-0.037307783196510694
-0.01426155599289825
0.054701205038080514
0.003748309050691072
-0.01182172272449317
0.022487798350053628
0.004830916415203472
0.00023063744787482353
-0.005676855533566617
0.007527722938659284
0.0032716084301249388
0.05784202600063511
0.27218939518366225
-0.0725244037819818
-0.34864293899180454
-0.04898746514838223
0.08501612448331065
-0.057013415952287205
-0.029725383853796753
0.0060832481223922884
-0.004094730273320135
-0.0069508955191636065
0.025593553032777137
-0.0002857835565496682
0.003644313566854305
-0.004254358095395337
0.0122275575076962
0.009178869385593515
0.22637445643340956
-0.03842918405602057
0.23092361271592865
-0.03879483211299461
0.04162682596899507
-0.0017540688696826064
-0.0331728135661225
-0.00026362245371981896
-6.926043190356467e-5
-0.00752678123459056
-0.0018089435720249434
-0.00023030018959452925
-0.005611272346250644
0.0045717289837994435
0.002758222886786593
0.43354077994735846
0.2513663048881921
-0.6202142710873715
-0.4124545977494531
0.040932957826222624
-0.10841546493495674
-0.011351493384552339
-0.030185865879501877
0.014661633334076486
-0.0036951841773873143
0.00946318584103385
0.018484456967614995
0.0013229589275707057
-0.0003458738544919112
-0.009408328631540319
0.010573527609009708
0.7534165170780698
-0.3308405441750226
1.0574688932945429
-0.4355930529716939
0.008492462013085037
0.011683457363856163
0.11882487861250446
-0.1273528552611662
0.003985487817197751
-0.001627622369926809
-0.02058344317686223
0.007376986695649928
-0.004299201328643617
0.00889693806852198
-0.0007279068606273142
-0.008489517691559579
0.2452153352377152
0.25719584253915984
-0.18436341647908425
-0.5393741922502427
0.019973786081070765
0.0423219347663895
0.055239106488910394
-0.03966717754334267
-0.005676398605870868
0.010359383451904009
-0.002108336703767869
-0.0015671529734953252
-0.0018581890027285376
0.010316998319760021
-0.003646673514038387
-0.0038866651526319367
0.8955980899156045
0.8004228207107288
-2.3289782148435405
-0.8118823393115325
0.06838923275249412
0.03408545326805614
-0.07139887408408946
-0.03581051663747285
0.047141879939613725
-0.0025945236494076315
-0.010194563750950571
-0.031248924821518684
-0.00340580430345845
-0.029128438420828396
0.04155336484606351
-0.006623514080116993
0.10824644004351437
-0.4100623390093694
0.16770699682023102
0.6306552227681484
-0.07069010022527622
-0.034105213758058917
0.10604282643065487
0.03812924520173307
-0.0017945707565156213
0.00464238041621514
-0.00526256163388276
-0.019725629074612925
-0.00016680672196242238
0.005248302716812215
-0.002863559097527068
-0.005959090028378172
-0.38722454145960317
0.638188230282616
0.7639269821029022
-0.16204600576811853
0.013828154383762907
0.09556726511647969
0.1510797681822653
-0.017870161210725603
-0.005978923586656672
-0.0020974418116149265
0.007032516974489926
-0.00042200209957566373
0.00024094128637783737
-0.002491374637055885
0.009081878987787654
0.009780017556601496
-0.13637102454207808
0.2212302693155343
0.29899730516611595
0.554156329134447
-0.0029951496524734515
-0.0018583291617758405
0.054860482516932894
0.0031981868246739775
-0.00016557500355239587
-0.00451698495028842
0.005319088863518634
0.005254086459049663
0.0010541175158571595
-0.005502715559910308
0.00632363767979622
0.00510987660655973
