108409
219766
225846
112549
219004
95390
106862
217187
217806
317667
320572
92817
94068
94389
94546
95682
96776
98743
99213
93821
93993
94700
96364
96737
96957
91089
96472
96983
100382
105256
112592
206473
217493
220383
317886
319696
319859
91009
93654
94011
94810
96931
97562
98223
91810
92788
99004
99887
100165
100353
109254
109352
208693
209132
210410
210764
215865
217656
217744
219363
220848
101228
106526
108959
109753
212187
212215
212654
91815
92957
103010
103624
106070
108798
94772
97062
205425
210324
211138
215471
217743
218060
218964
95294
96998
99897
318588
325315
93549
95080
101693
102208
103102
103985
99571
546870
560090
659538
789208
886298
101749
106799
109555
110416
318365
324173
91935
548717
549068
550447
550610
553305
216178
545618
559788
560888
660702
663107
205905
206826
208115
210218
210642
211232
97200
98534
99756
103641
107499
109058
97318
104278
106015
209384
217352
218327
92909
109550
204848
206757
208043
212440
96831
112796
205628
213256
218223
437939
320065
328284
334373
556854
771469
777121
96862
98236
106005
209137
214298
433102
94858
99057
100004
101154
102902
778606
782983
789041
789522
884570
886459
98610
103045
107668
207662
549802
552094
94926
104330
106645
324550
333227
334368
431532
450493
550832
563516
563929
661261
103878
213935
319120
320002
325160
436581
437522
773994
776583
789835
895507
