-0.3155517583174099
30.05326611054187
-15.539261725676225
-1.674240476925231
-2.151415673111873
-1.889941737707364
-2.895477333373206
-0.1498980694037662
-0.11018714401416563
0.9495579742552447
-7.204189659062764
-0.8765364431472549
-0.20456941025910214
-0.7266369281101345
-0.8642491809296182
0.0005071404668776406
0.01406079326190722
-0.42328170218314654
43.22521025663991
-57.76672034042477
10.168583335823985
-4.04548388682425
2.2616299128281043
-8.382987600103887
4.073580845353963
-0.6570225903618321
1.7757363459529145
-0.00961769715301286
0.4419123745931157
0.2201869956907645
0.2233272641627484
-0.039925741856882135
-0.05515196673656314
0.12535578133305372
0.1278149403248245
-0.16167995861188736
-0.049204039943236855
0.011727968440963951
-0.021828808677786124
-0.005315240349601215
0.01660817603781163
-0.027516325110197897
-0.003910606496078215
-0.012021522969671572
-0.04979181037831748
0.01242657528452737
0.08907846108052964
8.466913409056147
5.465063117124295
17.140564460700954
-1.5092686950637932
1.367366459225316
0.1997426048225912
0.7308707690204774
1.9724061252362093
-0.1428662565383524
-1.7557653111016647
0.15793381838555887
-0.2219670799375708
-0.1921114474103201
0.33145491430086244
0.4488229101151806
0.07737182352192729
-0.021354534142134056
-0.1592615497893152
-1.2813005470894978e-5
0.04589462540018113
-0.018638812120697117
0.03643712761784616
0.017507264611085812
-0.05478569107717871
-0.0014384376217641548
0.021122549170585286
-0.007584210624120916
-0.05748361645587463
0.03252483132466433
0.0024312625896197176
-7.016848215504966
-8.036388195866957
12.873945113108833
-2.5356475492357733
-0.5000753527900264
-0.9960301941876133
-0.3738458730644145
-1.9139641136430305
0.8262393503287985
0.2213830849497401
0.16112326774096045
-0.00013732149050149633
-0.086115342057273
0.19674031097780542
0.2816089106828734
0.014848073523172384
-0.024311411884927355
0.014016989450186076
0.04290672221005452
0.0577958944132337
-0.0010794809784171007
-0.019798611484911566
-0.02449728735037814
0.05737391916874942
0.06235725346183957
-0.010164800489208472
0.004063446528494259
0.0033505174796968074
-0.0202837977304111
0.007511873440782352
-3.030851734240663
-101.27440135952011
79.11143164083857
31.953282105333173
-0.9427897498965074
6.456703945049021
-1.7298775416223626
-1.568619513023152
-0.09174727624948972
0.2997302024944378
0.09870877556587149
-0.17551630070306734
-2.7148406260946167e-5
0.004370339402711112
0.0002898313296554045
0.011265418300946142
5.131829659157127
1.6808965037835222
2.897507394253168
8.371831681427103
-1.4850601573604378
0.2746032095300168
0.5439934455256261
-0.04787199713994876
0.006885214744349749
0.019149577984152122
0.08214653448088105
-0.04402529653039414
-0.0020150291839967655
0.0015246273047338412
-0.003400636213877853
-0.031154284963179797
-4.490938060043794
6.795845674273011
-3.2376219903773746
3.700732550285399
0.4741057527060788
-0.07887111756307752
0.4363104323051714
-0.10872320936294844
0.02382656565600499
-0.02293749216250303
-0.04965656658574637
0.053947119658637466
-0.0031532207511452024
0.0013890467593295685
-0.0024496728971889394
0.00254554468022666
3.5822369645634415
7.5455133697860335
-7.638139416151999
-0.6935892098338075
0.09207746682351631
0.48825630469087866
0.8003864054033203
0.7490555574951658
0.004683627626789283
0.001107619972289045
-0.008079664995697691
0.0023849552655198156
-0.004367301353394251
0.0037604351278688166
0.01060190621972498
-0.003530568821345073
-6.534690674483684
76.28424152338212
-37.970541912643895
1.0251645865718255
0.5198068574154187
-2.8990209758858807
0.5028682667419602
-0.4677759032124271
-0.2107928154373475
0.040794343335372824
-0.026330044394940355
-0.058236941846724205
-6.677828290308668
12.31583181217922
-0.8033897579833003
1.9317480480064706
-0.6801620360459399
-0.0005250490273578379
-0.0757276801823758
-0.6903541117447958
-0.257411450347643
-0.05515563143692452
0.015976236272117528
0.06730856367859873
3.8474913762429224
5.70418536212979
-2.4025255889067303
0.5460040685199745
-2.7493132876626314
-0.35088136837291684
-0.18209211785196516
0.14540936290010498
-0.3066893722254507
0.015104716781771894
0.026134073146021647
-0.006038885866119614
-24.767128830598587
-3.8626222587129897
0.9294888711101876
0.2460479659039838
-0.5810829441013752
0.015150562022357539
0.001820237397185842
-4.730853694204143
-0.820245703924553
-0.05721715148497353
0.12652251386228786
1.0349622099224867
-0.008222604935740174
0.07808978355132024
7.003500159468098
-0.2945200493663198
0.9051802860823814
0.06354975973340071
-0.4156730424238666
-0.037328320788086934
-0.12829619530651537
5.185671784242326
-0.6864526722422557
-0.03206893134124955
-2.2897486345797144
-0.30912970979320464
0.10577770929154826
-0.4379356964303325
0.06909075323891245
-0.031097786169472022
0.24344072966061447
-1.3359187119359972
-0.13590968078304166
-0.1150033032070687
0.10134231362793744
0.046115350051426085
0.10581828470870325
-0.12574532236602357
0.07640630788516933
0.04011682577751932
0.08987865802494249
-0.020326766380550948
0.0887696365007063
0.243430965057851
0.17938728289033049
0.01734560470357207
-0.024556803152121942
-0.013730952868652859
0.5427943709812972
0.05774890293010493
-0.1424381698228505
0.05556065265227761
-0.046217041803011644
-0.13180244771398464
-0.020682815044083536
-0.006010921932612259
0.07859786774874213
0.09875282975001165
0.06241943821172391
-0.02056497343411101
3.847454965375907
-24.14440723936869
-28.499002689412105
-1.232642302517993
0.5601183631958477
-0.144309162624916
-0.06351649507653384
0.05270313624962508
0.30050603054783465
0.03505584088487349
-0.018692535119397162
0.0035729098678381308
1.8847142849035183
-3.219324034217326
0.2236319951171295
0.46083786585009556
0.6652867092612358
-0.5862120165509954
0.02434733895059571
-0.055214426621329804
0.20102055431286758
0.014903935231836501
-0.01638287556109671
-0.08678308892307
-3.459406901184309
-0.2780612795974937
-2.7842302336163858
0.5765609906022224
-0.32366316575719
-0.07270640443111193
-0.2775256240133741
-1.8626709211493315
-0.028723051864270266
-0.4403126559990842
-0.09394215133151573
-0.11115196913273406
0.008313437197029507
-0.06388933218745005
2.4414859186138678
0.08520373622336547
-0.07842461333684735
-0.4504938274700687
-0.13606149250764055
0.048740955934271524
0.08877695342850699
-0.01902175412134488
-0.3868865345177879
-0.011667673406288537
0.0004295550059508213
-0.0006416943717099943
0.01817563560543592
-0.2221057043602313
-0.3830007541633381
-0.015800460162542152
-0.003365922735707773
0.014777548072039043
0.15201893088402674
-0.011717076987884822
0.09710965209537326
0.1685844265376491
0.010546338765990718
0.05822779095517713
0.034765195054892846
-0.012265969330915977
0.1770899100838385
-1.8380305352667765
-0.39849926147554837
-0.40982836063436634
-0.05820869663225747
0.288802091119744
-0.05568051793629378
0.007040375365311893
0.026053152828375704
0.0027194258942592744
0.003371744594882129
0.012339426181225853
0.4981352569352082
0.01087956674348034
-0.2008206406543882
-0.038637750783333674
0.01619875507246482
0.001676049652398516
0.027275935845066324
0.659713266415714
0.057374373314909584
-0.016159006425479665
0.007525144699705036
-0.08386179859832132
-0.06808394418390762
0.005679467131927668
0.0007597366522695521
-0.005711387337413807
0.0038816246539473687
0.0019996508804182578
0.008344065765346853
-0.00260989664476596
2.0987539108853497
-13.660484335528544
6.538792674406984
-6.493871209460502
-0.24241069868160073
0.02610294351297604
0.15721132082241596
0.03686560081584389
-0.011483680807313379
-0.017220801162337707
-0.009884202766709316
0.02627568596090546
2.466316117492944
-2.301508639374781
0.7168256727984641
-3.6109819513069112
-0.307664356725007
0.21467146270477433
0.4082513704261528
-0.5625529298949878
0.008518908749593922
-0.0034833093759319977
-0.009955215255662453
0.06077825698166403
-1.1627076127215705
-0.09294840513454616
12.042524081164466
-9.307886569275539
-0.1422480351743329
-0.10582437001770822
-0.31378922923282226
0.0011406353262515267
-0.019674746992567826
-0.03885770162286431
0.0323172748266905
-0.06351894568572145
-0.31437206937143936
-2.1862643609466774
-0.10121749694626203
0.5748180899843733
-0.07530322763187697
0.599639067103102
-0.01792767144939139
-0.02268716279590688
0.014788514481663816
0.006228019103827975
-0.09538805098308098
-0.03671645589897937
7.78472030490609
0.5624569860267488
-0.34665360512280863
0.0341617418321615
-0.13525090378421822
1.2305055370206759
0.007498430315524551
-0.04032623258883028
-0.030730939647647115
0.015593336780120204
1.60362132648895
0.2771620430013494
0.28591143145543896
-0.014165752767267552
0.05245742169702805
-3.4366073719084227
0.01367511747852379
-0.34669921614188726
0.00492869516362995
-0.03755087782829858
-0.5690833116383835
0.019871220081743052
-0.16685412795389976
0.03162579216831968
0.4752195419024871
-0.041618354858049156
0.07264464937548376
0.006058956740064847
0.030795297512875575
0.05760062616782453
0.03805105232834213
-0.007249703513547839
0.02122630934932035
0.10666129798059684
0.022931478988866466
-0.027595904001556204
0.05835253992094036
0.014410677826116547
0.03519063419548314
-0.07469833502056333
-1.162805762109489
-0.3126909739404091
-2.090874259498058
-3.184926329324645
0.1684664484680985
0.17653959740144787
0.23382742419483926
0.30106662442434473
0.02194363954066686
0.003341896989844259
-0.0014825855467631086
0.05227135478231901
-0.3144058851565745
6.156566239960288
1.4581391184672086
6.707725118992172
-0.13125845951348447
-0.11117787681630542
0.6272579485596022
-0.08291305601396282
0.010223542045918084
0.011551868057286911
-0.00019947590131506182
0.016081901692383882
-0.24336743003540162
1.703871824799936
0.5845562465408944
-1.658502389300638
-0.08223399291629252
-0.31156563070823606
0.16117688833536842
0.4196700183213147
-0.017537185831170806
-0.0185892832387915
0.06989009867000698
0.051152739077195086
1.5968792985805038
0.0713506100538428
-0.3583781452214069
0.058078821707115424
0.12267469268739306
1.3104455839188383
-0.01921587487676546
0.37467549431104996
0.026263829909067143
-0.09237511745912699
-0.008616011302242876
0.02635420533847129
-0.02292977550237074
-0.0035059886170292934
0.012289964608645853
-0.16344232812665416
-0.04865961819699672
-0.31770739079005694
0.015184799590532205
0.09685893274719098
-0.021349943262577414
-0.051433045427165675
-0.09144508979078868
-0.02506123234942098
0.0461745148324913
0.043197745155524395
-0.04407302610236913
0.010247328029968313
0.013242435461522893
-0.004895484817933449
-0.24337262134405302
-0.546596497417938
0.475412201271769
-1.5468954776402342
0.03353029579487703
-0.002352742653140373
-0.09312924728463784
0.006037311027244488
-0.01310509390096696
0.0059194425699541165
0.01291077699614228
-0.009431582372034047
-0.03382439798876156
-0.11124760812105636
0.05604906495952011
0.3926917950132146
0.03284953864311411
0.0416227254288752
-0.030570030522738892
-0.06233796277055258
0.0037645330507630123
0.005222094606872204
-0.00699152499751526
-0.015872470395018688
-0.008679933918729565
0.027791723985335193
-0.009202246097570727
0.004753338587260611
-0.03157643325778893
-0.24002009673288457
0.0045053853731342
0.004747896094049048
-0.005732945018258828
0.002021911154302669
-0.04176074460732615
0.015335795868418926
-0.04326290795552973
-0.0027274317028065974
-0.011648453398841237
-0.011960712835039432
0.007570636976342603
0.010374794682232048
0.0006278942980089755
-0.018896764479282534
-0.1869897035323067
0.949586207117255
-7.204003340338753
-0.8765782735203542
-0.2047122612855603
-0.7267258520965856
-0.8644066874247551
0.00045609010070981823
0.01399585788340564
-2.8360285025229652
-0.9183052012626676
-0.5170479199739116
0.42591262806561925
-0.4664754826367479
-0.30715785718406297
0.24605615802135722
0.33070191933764814
7.058957345265739
-6.297074394816349
2.606338628649368
-0.03699251818804328
-0.018345335270312266
1.3683204314949364
1.0535552817893055
1.4664722156883236
-0.27797522460621593
-0.35720475638261995
0.13166009098506914
0.03203790253456626
0.02742324789352324
-0.042455132505877735
-0.019475550993211632
0.008389704430071587
0.001134084284479653
-0.1021801232223003
-0.057135696845574555
-0.06020710177931948
-0.009521876815791787
0.03075173545673152
0.033843607894662925
-0.05294387020929596
-0.03719933935113228
-0.009397083324920417
-0.04225616798924467
0.006511450509451358
0.039936690025842346
0.00934309874813364
14.098687896972152
8.106407636635312
-6.553755692122486
0.19312121546723537
2.7693686332657568
1.3483228984324942
0.3939047614269473
1.9061089232696027
-0.4806647743779684
-0.5343191833187727
0.18756255353443618
-0.4955968801532413
-0.9487161233839312
-0.18808737287422372
-0.04550449009896995
-0.2021024153537238
0.09261685571423933
-0.042543023949217385
-0.2726713151141694
-0.12911826085850764
0.007048288657614889
0.012659940981157192
0.02787227112747831
-0.050323250329126094
-0.08477058113254332
0.00838983800909647
-0.007590953388186307
0.049105420986388024
0.028492609325822232
-0.03864783921004572
-8.060201004845908
4.454495745258313
9.657898080820729
-0.31111985000934705
-0.7539601984337887
-0.045555475755880814
0.0030930477119870403
1.3741579316928552
-0.07801990216311339
-0.9707895631313954
0.2578770532390819
-0.6896327413175825
-0.7884306536629557
0.8477135197588184
1.0228763811519
-0.22419492361435647
0.13247791344767182
0.13272321563038575
-0.2253002219552102
-0.37729529412798724
0.029084613895598355
-0.07279790788364686
-0.13377202693974338
0.22530806858247032
0.28526287740478257
0.010843866508591843
0.0417704800369581
-0.030509551970439586
-0.06689322118339794
0.026802650679800963
2.048475837237291
5.7288285379656685
-4.849683372236779
0.6737691603336735
-0.022329259903134835
0.28498062551410097
-0.4126512959924007
-0.5516696633684256
0.0019657769633737443
0.0531858355415823
0.019420703041731713
-0.035655441520194474
0.00014503996209097939
-0.0029721255706557925
-0.0025839292144877596
-0.013589246398116303
-12.18820538146587
-0.6429223956901584
4.32638835855829
2.3690411676927052
-0.7842295608026921
-0.20908412842549873
-0.3557884945076233
0.05538564943153779
0.00350524445426275
-0.011687398694802287
-0.025545806156189357
-0.09732322816996658
0.006299255812173142
-0.0009345629774666513
0.0031015067047744597
-0.00904889920074788
-2.5576395281569333
-3.3632046577786756
6.892428657968658
1.4505089320155626
-0.08028962857866517
0.007164737214295114
-0.4275214996094743
0.1062885546721124
0.009739017864201893
-0.0038972244566748693
-0.021309211907741155
0.048671661494132046
0.019749945975559003
-0.002977242382260506
-0.004820290782500264
-0.008544056163722245
6.6382194293409995
-6.469212480563873
-5.56018792543855
1.3923461303384883
0.04426372901056341
0.3900002119794266
-0.6579639655292668
-0.07905114995953255
0.004374218865000279
-0.06671534625068454
-0.02414531711394302
0.1410314361876005
0.004830892345058756
-0.0019185754946867556
0.012321800827262142
-0.002481630001842941
-0.7482001952281676
-3.664244620168503
0.34612238004949447
-0.29595139805497706
-0.14252674109334257
-0.018630648114897674
-0.02826339748895834
-0.07644342981525565
-0.03880515315430744
-0.002872230478531551
0.006514451135145668
0.02276732688944435
3.497634980235066
1.3926791263325944
2.5814493569973145
0.6142825322955794
-0.05212388052511674
-0.4259449447719046
0.031161114713214255
0.03907756509321836
-0.0716747513675362
-0.01903259418675047
-0.0021492074764067615
0.016367102216023777
2.939775736129045
-2.4081578016013054
-3.8760222161412994
-0.5792689476684887
0.18422406716294892
0.7232348623977121
-0.060136215362813994
-0.2884946041049554
0.020467066234843623
0.03370948307825941
-0.035133227727231514
0.0194201239191322
0.5171572439320524
-0.373838179206492
0.5781350198586497
0.0867262638666002
0.17881445036325871
-0.00327362366001116
-0.013404585067492418
-0.7734897095504643
-0.12229722770635298
-0.46072473355832333
0.010363936481348368
0.3895252970965375
-0.007237969487091489
-0.0282440262664797
1.0030054280279757
0.5110552297643307
0.3956843887177115
-0.02363849056812634
0.5633838725847329
-0.024800147635943792
-0.0008239494676402156
0.10914685920711709
-0.013225861143236761
-0.024880038267353157
-0.4698637112479531
0.026717129334724588
0.028452291438730126
0.17720436956147756
-0.06292016565152969
-0.024980645087235923
-0.005486348115098211
-0.08727584967107216
0.01430475614245208
-0.010307918369578284
-0.0012071875340348426
-0.004082918332314306
0.12330397554001449
-0.05403341013667279
0.0052745411230619155
-0.016951743817248358
0.005973418710854467
0.036192550649312094
0.025579323343212695
0.029044765504578463
-0.042530328302518905
-0.001327562653544112
0.0015823269133655726
-0.02354184189055164
0.07746698546195518
0.01532873938435833
-0.03200098134581675
-0.0016768064672860739
-0.0012832028599489287
-0.042902696444252764
-0.041152858914898616
0.006449241595543165
-0.053491147825027396
0.022131548538431245
-0.008860950784078114
0.021551980066146448
2.939809348071078
-9.364632974846465
-13.47675689748118
0.4367577906403499
0.488466593076625
-0.2253699562431457
-0.16357630371989496
0.10947955093528972
0.2872285403499734
-0.03707934616542306
0.0180067802739472
-0.0075289033407085065
-1.8261754399817116
2.2771084080512205
2.8509068107904474
-0.08196733181932392
-0.09730427613161918
-0.33016877393879795
0.13224802614562936
0.2916651064816428
-0.134787834952552
8.352411938011839e-5
0.03539876324824348
-0.02250971021490695
-2.8538934528189728
1.2093233419938243
1.9840765090970915
-0.06236800145904464
1.302191489376404
0.032645382660641056
-0.012613213391079126
0.5549957229397924
0.4621463678938671
0.0294200567024121
0.051727307710368375
0.27196450245462644
-0.03857647767194902
-0.07056801155202208
-0.43944109750554805
0.17449649350510654
0.10238091422585927
1.1057439059823035
0.02814953367406925
-0.02614722317193019
0.025576184158977666
-0.2959794831566398
0.007008126504866041
0.02409638580628748
0.007316262930317202
-0.026043091809581337
-0.06915942716536339
-0.11400670546208369
0.2018679881399544
-0.03062039891771473
0.02727820494269584
0.04006571286027161
-0.06283791914240044
0.02653198718781504
0.059290180866303985
-0.11168342899020867
0.004900457230613622
-0.010221999525621639
0.0023225321997585313
0.014233307643952586
-1.2278529998522947
1.8305604730823613
-0.3942549995776874
0.027209002590163678
-0.10811247207226904
-0.0035666349314629198
-0.03676915663700109
-0.015285713299612924
0.12652718168738097
-0.003293648857058377
-0.002792964685324223
-0.004643770941023291
0.3096478400520588
-0.09412659519913702
0.008883925980873952
-0.007135679535864581
0.27568633993980907
-0.027838294726006102
-0.07056049324864344
0.0429714460463001
-0.1339397411010767
0.04781352780143325
-0.008762168811190185
-0.05639062987060184
0.060683170972236314
-0.0039482277400567645
-0.002751203109755407
0.0023636846085721627
0.047943463071767
0.01303258278749092
-0.01890393427524306
0.020276730500776677
0.10523887782669639
0.2743297825878761
0.11071331431331055
0.43436242183991314
0.01748594252227894
-0.008113049065841649
-0.031828769413333347
0.11776851094905742
-0.004165746864773064
-0.02342065703612914
-0.0131920972611283
0.014741380043589158
-0.9084136566423149
0.908424439788539
0.39064899792440655
-0.8779458108210876
-0.06036328654998607
0.016179468001984207
0.059939263127562925
0.03524393317487606
-0.012667367134834212
-0.009803217396559483
-0.0019275113434634936
0.024053792460287604
0.18406536969326437
0.612990250140899
0.4536503087394621
-0.7983814699578824
-0.08542503356388303
-0.05409919270962796
0.20992312249963352
0.07100116739446805
0.015353910327928225
-0.01385253035954503
-0.019925098933444407
-0.03773856998173031
-1.126280559824839
3.8860113372712632
2.383302448300089
-3.9091114207871906
0.047882883982432844
-0.16601926974324144
-0.11009147331329017
0.3300509873006351
-0.01633748500715715
-0.04253454111976153
0.017064499472596736
-0.04337902172261107
-0.10698166456408975
0.11758363668627259
-0.29641736371398625
0.007740550281152003
0.018564719376828243
-0.9647404063558636
0.010066824571236532
-0.06011315083929647
0.021051998247925433
0.022206433465040448
0.05150757994901278
-0.06707090546621725
-0.0026960370383946053
-0.0177998905818274
0.032968771196856955
-0.2775610835608102
-0.04690115324090987
-0.09160113187776009
0.0005124413428734959
0.06079969602744781
0.004804866787204265
0.009482673837099623
0.07693737602011044
0.016319411868609343
0.049277499324043794
-0.01019175010072959
-0.01941191958312094
0.009172007981041508
-0.007299227152551435
0.009667651590566123
0.008839934164153077
-0.0014890139850622514
-0.021836637207395593
-0.006025630849444075
0.04030760819621415
-0.027143871445515277
-0.013345863414670811
-0.010364525721248352
-0.021811863722563787
0.019177889350503213
0.18406226530219283
-0.2724070514593029
-0.7890759113419694
-0.39944743804507166
-0.11028648175840883
0.035490905249219606
-0.09771887279857072
0.11793661363412777
-0.01617287707543527
-0.0022317984071967556
0.006655645793005052
0.026072054999693117
-1.126311941856139
2.8749246842801024
3.6882390994948473
-0.25252584359788965
0.11976082029583213
-0.03953358493712944
-0.21963961406538912
-0.29619555572719936
-0.011651644688431904
0.030100882036022014
0.028127155433195078
0.041560676833653165
0.43106606220070454
-1.7150797336518533
-1.1256412813512342
0.9606593012757103
0.046960938399006835
0.22070271764915028
-0.0017406901745002368
-0.5665560400889174
0.012698233618629234
0.07132387096657648
-0.037921043374387425
0.009296486449059255
0.05132515523432701
-0.10890651022683207
-0.1440991115974553
0.00897863519836406
-0.0003144371734746243
1.5506300124946182
-0.1132482505278507
-0.538097620130706
0.000542799073238176
0.25087261150033946
0.0677861260936542
-0.04237751991707042
-0.13051378181796203
0.009759910078690977
0.039960474792791745
0.2685566794272316
0.049803490144213675
-0.15442745891683796
0.007472075893801951
-0.12117120599462612
0.015054817385018949
0.004979093454521077
0.030125637107463743
-0.027836711489039195
0.02415785916929869
0.023746470327608016
0.033117968170385925
0.004470320103896877
8.559051411577423e-5
0.012445096506318754
0.4310702634145891
-0.27839527234426
-0.611341150095027
-0.16712825083530802
-0.028940974767094008
-0.059863837869328834
0.04893166111211514
0.10410099767714798
-0.004207809002960083
-0.0053256906405530074
-0.0050203424145152855
-0.018706414411921446
-0.0971185038375092
0.24498852651199177
0.49296066936897365
-0.3876053916290523
-0.0033302786439602244
-0.005955975763842769
0.04692153851194755
0.06712939397279236
-0.007484699889540175
-0.006542941826641946
0.028906262881087354
-0.015388227721420927
0.06771629346750888
0.029416405982064076
0.18792904171306468
-0.0003721292434202342
0.005796599748242842
-0.23043927457006833
-0.012084058184612875
-0.0728673055918676
0.002965108799320295
0.04514031482557643
-0.04324628954201731
0.010778378039263917
-0.00747426464250726
-0.010549267687910707
0.0063574100255572585
0.006016925737704085
-0.012149040417877455
-0.001323237092324514
-0.005864812722860931
0.024150848866158467
