149636
39553
446248
356191
108622
504308
198822
473170
451952
114506
90534
420160
434805
415421
128538
332945
359404
72496
492188
312497
206717
155110
224448
186172
110548
55791
493702
207037
493019
140954
99891
110790
456359
475690
340768
79181
394051
314201
420990
412871
285499
38296
189022
349798
318915
431503
110968
187955
231231
197144
448402
407449
94910
350956
267922
69872
361824
205837
257062
349696
346209
101371
150055
280463
50798
460266
67633
442838
398506
48140
51893
429285
466725
208543
359729
243575
312364
61130
454070
389966
407369
127490
105069
350961
375014
20886
341354
246892
218448
226503
308649
358659
143486
205801
171721
201173
115971
371898
437873
314136
238327
337759
186940
245469
401108
391175
108795
480138
148013
440873
328555
176761
38178
18998
177010
270441
193218
174280
289373
462892
130012
392922
478571
108572
333856
261715
245020
116255
61175
354864
471481
119878
387440
115592
121073
223470
34326
103421
335427
345347
430620
445421
225523
1595
346146
34645
29068
356809
287111
406103
293256
367995
478913
498082
90665
78614
294577
364597
484397
322687
459167
56196
465946
484489
352278
391697
21576
142237
333278
255932
77582
487894
321515
162051
120445
90748
395963
21750
386352
228988
13986
307429
396190
150215
182840
503596
169097
335653
71304
346769
437296
29572
100117
259355
276693
103873
68603
263256
106165
401773
262711
50692
160849
224222
262427
227058
29358
211449
225905
28897
146477
170721
172612
66033
33626
385397
343107
413705
361830
111826
40261
91553
443047
91970
160676
92144
363122
213782
250008
372314
485336
255430
153869
100115
442029
71657
423384
238672
126368
219723
120229
473017
467825
154886
422177
235134
316452
255482
482490
77980
497492
162029
336731
342088
114651
388024
182591
166732
38020
232874
85163
208584
469425
420987
238391
483870
64230
12844
263866
307
262403
344951
70255
252074
68959
246155
292342
270900
33544
327899
32258
287141
28907
202925
148564
320438
100789
317068
113636
293403
154988
391237
442889
3802
86452
235184
432584
258004
217497
115080
48612
353103
223230
402470
479515
258870
352607
25006
67302
55643
205522
246350
206516
16722
232284
486707
96465
379437
474302
59112
52659
362677
305124
257676
175202
17115
142580
136596
404829
258028
437070
142610
426541
183265
41812
296314
470156
223847
487692
27527
18195
359164
384981
343090
308947
443441
259371
44667
229872
211150
271350
153384
230039
452325
132268
372970
279501
115877
324574
427534
230535
175804
385803
269371
283616
269815
90227
36114
23838
249715
213390
453329
26651
247115
96862
489057
404420
46208
109728
210745
494348
84041
168889
411841
144399
102245
245223
447380
94927
110250
351741
115769
178841
122679
92252
418721
449375
89435
165322
437688
375059
417466
99373
398075
338576
207935
171718
183635
60690
158300
39871
205922
149434
269359
244190
241050
38541
286171
164706
200244
480329
201803
19488
425531
146089
38491
56620
450693
412924
459326
290516
352224
186002
413645
165715
428225
223756
334160
456375
424115
195656
81276
394227
411592
295376
466640
353495
282549
118616
342471
224142
443994
309632
372077
186725
261729
282598
359055
257324
392951
456184
184360
363075
262092
114495
293585
13441
457595
244779
335468
200082
275301
41527
80674
332327
106569
103281
344167
247804
199111
461723
264022
362665
235975
352080
6235
196234
455135
145234
10803
258665
240651
364010
124199
345118
90545
427501
357008
267570
140940
204708
297174
231270
304319
173750
387579
276415
113763
417946
271765
273672
62843
18312
145143
356719
279245
421722
465074
21711
226725
177496
282526
361608
291639
116671
76700
174076
480412
274866
129857
149850
260310
437977
84821
439698
52252
290873
445178
358963
288290
17594
299461
109352
181627
293955
5584
304043
166952
181994
81052
19542
445179
221383
312542
103211
176923
494463
216309
107470
366247
178703
395644
294509
165424
70458
455295
162957
421766
134668
193341
418925
176797
33550
166006
272781
452300
67281
471308
360864
289924
462955
153169
59316
75590
36739
415412
322440
246106
178822
155357
449812
229020
1396
54711
266540
293761
372935
65873
431649
232881
367949
121403
31114
143932
240665
250547
446521
102953
293835
474593
231584
443978
245195
452536
343426
17739
332184
442795
178246
2172
28962
450880
33209
229130
279383
174852
356449
406669
400305
121072
257882
239637
377129
111193
501185
360220
226488
204229
504460
286160
103319
200871
347542
366393
103411
247073
146828
312522
120782
26652
60897
361169
62406
337013
112530
409066
436897
285329
135689
62771
85131
433402
288136
76313
43299
157726
47984
141330
321713
76881
404440
488482
216702
11506
81033
406585
201006
398401
366746
345906
372546
360973
206022
84915
184317
361291
219908
365353
401055
451933
469219
409577
51934
185023
340023
407037
155366
83549
402275
403847
451005
410963
270650
471063
400354
40518
281712
173600
183984
426546
9311
255723
114349
448564
317146
37079
345222
64757
22040
415558
17631
239678
467502
33906
386295
473580
388826
65466
142908
261520
108626
21389
115224
123968
277311
77964
290628
417697
453134
437583
88817
439214
108322
232294
153839
250219
245346
9568
84122
46727
117053
330710
312247
430429
376744
475493
233034
361857
423179
297162
276041
430949
325537
469562
423235
212271
481573
267668
65354
362632
363611
308
487320
497761
67925
399800
345266
166647
302792
72398
380279
78472
9641
440671
475756
495291
328661
364262
246805
470441
450856
296151
251013
71359
194652
332874
7230
414991
366269
106152
132072
401195
25352
84211
445839
351798
314175
59859
152318
480534
389971
422557
235324
176380
327881
300448
326207
235056
108996
136794
268688
363383
110094
207718
196637
360559
142515
147019
174953
240595
324894
324005
166877
420793
504758
463843
258378
19547
174512
30655
52759
308052
348194
253159
404554
492320
468246
180314
271668
153209
437530
420472
190024
162063
236475
437322
3433
81626
156884
455622
308755
500211
164877
498185
489730
47312
133174
364747
56189
459500
269155
230667
324011
230095
422385
144470
262335
122571
357220
13592
485985
108581
215290
283112
70948
168457
99895
48112
271357
392404
364325
312811
181820
341517
162196
15709
1611
256602
265006
60510
497695
130759
268896
400109
498551
220937
72057
288532
81121
169698
334125
333212
137091
283009
449642
34779
61798
260694
399094
174741
153816
105731
95327
449962
269963
138069
43592
286901
105592
453051
339188
58049
25203
149540
5649
110345
399134
112989
276295
464428
34867
95797
315214
468062
270071
17002
77917
239500
204545
168274
75378
205603
229055
434114
470706
248308
465106
236689
462333
267074
164058
398418
149886
103688
72946
47919
86591
321164
491116
254589
21279
121351
16338
394216
166106
192088
462355
384591
209201
252405
103600
373064
347383
232687
33075
252210
465276
484672
481382
331860
405545
468846
167923
85130
130965
315421
195106
420655
386693
66432
276863
229427
362700
1134
193231
143290
149673
299347
424191
500974
14411
127902
445399
499732
454937
113051
403715
282967
156824
368488
26162
295590
458915
35635
98385
39343
499438
355911
103709
455102
392938
381088
382095
45880
352469
36648
160807
344622
16522
343950
345874
241373
249840
435830
22531
310
399419
251381
122559
368330
211544
48789
158046
324651
89317
77563
168750
998
175519
449432
433758
350926
407842
358172
90166
153700
312274
101901
476754
187778
313950
373295
422705
49197
95828
484868
455382
416368
132481
218214
398812
73329
287012
174988
123466
270056
211017
21386
190380
41577
390101
260171
273866
430936
263233
196324
377493
384916
301846
137904
40875
3295
384841
40435
469947
227715
161934
255948
287376
290883
27059
104488
91925
267720
429917
308898
307568
383603
204823
192664
64688
128368
486763
481867
221286
9710
103459
111135
424667
326541
430663
179000
355868
392838
347203
425260
276626
379527
379137
185250
177500
491306
260882
271976
251728
148279
282982
344202
28980
131336
449064
142415
224950
74737
33091
311800
503168
228785
266849
436227
33975
376073
155113
194094
415811
318387
291728
447555
382936
130914
331668
340923
392915
120103
258208
88830
299499
493444
61746
182441
299520
290871
319010
307278
195971
492325
238366
72941
159626
27140
103741
9146
316917
7383
216084
155189
487112
344815
139033
496389
202601
354209
277735
292925
378062
36218
290587
122006
217918
46544
237992
421129
222778
459904
153275
13034
350412
298460
127017
400741
92281
375982
112467
390065
261575
34011
446149
20189
186051
302259
302120
233759
21552
52862
299284
175738
21338
356740
313019
248157
40927
457603
277613
300395
82951
224318
486568
39338
450566
430209
445662
79592
105075
46177
97712
118245
17722
212435
489872
160078
315486
348375
103481
135553
241813
437427
204298
72660
268010
251011
497676
285502
230645
13195
388103
212910
267265
280817
252786
413610
459706
481621
321528
189626
177211
124867
260711
241007
332474
9131
7910
289359
61810
213018
119587
338323
363770
415968
17047
503121
258764
139413
269179
340686
256471
197588
374141
426298
274935
494563
201252
234198
381423
390636
450717
451815
480635
244668
14899
402301
89054
256139
479748
310949
396407
190626
363207
168653
111034
466222
86163
482939
54015
246583
336396
122891
37428
156957
450412
59885
462192
159734
456840
287548
175643
179858
360895
465312
204681
370509
264774
436886
32079
40986
29150
217533
217416
402740
326571
443803
383741
412889
240061
454166
46767
320068
306978
249769
208949
192966
237798
485260
182356
262064
20781
85278
183990
34674
496810
293641
277340
63393
330302
461952
239028
490776
444247
453378
359141
497429
379546
54959
254078
41968
324295
490817
108129
71167
256124
460435
475941
109519
485689
218066
425082
213113
31565
272470
236118
99815
365647
247041
333133
495817
252171
294076
450342
35580
72441
40211
389395
313093
265742
443804
222533
105971
170415
244891
354783
374978
298686
209800
502770
354919
155715
265052
196516
291095
89064
8767
172093
29697
397879
27508
48830
89408
31325
496881
106741
314585
92035
479300
466977
402800
118206
390266
25936
148323
330642
485785
346926
362755
267126
2736
491847
259974
409970
367508
483894
231766
450830
423873
10485
231181
18558
150950
312422
116274
164804
283272
459350
231873
16891
479423
96540
120081
363265
2923
721
384390
477975
291272
376755
255348
390074
433529
387989
215861
251262
383669
364105
325584
200404
382747
33529
16116
237656
81741
175067
24980
424619
467839
70864
232604
34554
382830
501953
434878
178102
144430
469000
163920
174333
4668
310874
427359
94606
10581
53535
23294
439269
209584
117546
291330
58126
286623
466717
375845
174324
122276
285071
157163
285110
207332
269518
373371
197518
190760
197355
209635
338101
81399
490943
483862
230195
12304
232388
28
30467
33025
402361
428594
421749
324597
233136
311585
72929
118524
13464
21538
466271
490328
342329
307601
42161
59348
500920
43499
436915
301949
242672
118436
172619
255892
271446
70388
353857
81372
21779
285633
489216
24030
78670
65077
10395
132013
434714
298890
14897
491369
482189
220954
270541
197686
302212
16967
408325
292905
502902
234052
480851
170040
62963
49709
257323
239451
55507
429281
147107
320638
471040
428226
480961
503048
500668
79430
42097
44412
51088
170573
337581
370647
163363
475702
472205
134124
475144
25479
457721
50018
63335
6495
149402
239171
178342
201921
233897
454142
33714
15925
186852
214035
6539
83927
167325
386456
394744
458510
314123
501899
375983
236856
294862
6817
438242
232557
68510
59588
424143
382598
440180
258270
40393
164139
312761
222817
315377
219291
330588
294450
413887
424195
259209
370777
457615
383150
326110
486876
427483
338396
489160
142350
86763
354033
474008
106310
320844
329436
151954
393430
82594
112477
85223
344850
498426
489713
223626
358449
291238
115226
266974
498640
483271
423189
423535
4772
171423
457305
293606
146097
456604
187120
286517
280741
251734
438266
210917
91915
94227
99601
303360
348107
350753
252751
504635
424930
65353
429496
436795
154297
151707
378679
159429
280510
4165
287795
280290
164141
8202
271405
131247
413671
478059
383053
220707
361642
150516
386059
17759
99852
207733
445418
488637
233895
449286
411184
494695
40716
291563
426589
401428
61760
448015
235529
41227
30889
54242
268972
481380
472874
171089
338743
72156
495698
236761
371718
404301
414554
164361
368615
174696
374734
111186
301792
145632
349419
299247
96111
325462
157330
150623
89730
482769
469655
418604
462905
171558
445610
41974
24895
265257
23349
259559
116932
295856
767
329830
126056
241823
39294
119847
27028
313152
130256
358661
108215
435079
36886
49118
420532
236322
415650
440055
341335
39714
111189
319748
237477
339417
390397
366217
190122
127238
211050
195179
308722
435690
383921
66648
9582
325919
48959
128602
157644
426426
430733
216693
379891
101000
268802
31398
347588
259456
208495
368084
277603
155529
52133
380231
33093
314985
138430
455257
410505
105015
106941
325092
403679
80772
148817
497409
29745
147392
428237
63337
443954
181382
88718
437928
442040
204126
287086
182096
489605
339378
149691
128577
162323
114337
240980
235890
289161
296528
344679
288052
180556
281276
473204
54988
102256
481129
339266
442413
183338
19499
338847
428276
277804
190187
394439
309872
249512
76703
335180
431432
36441
50750
196936
29805
451077
85872
321052
8195
155235
374700
473789
32867
129786
102641
52882
287269
57646
232943
199320
298842
83469
177327
434684
325923
428236
39273
30811
267501
138070
175662
301053
136604
18009
254858
449242
136112
227709
130651
369941
311628
79030
106159
198993
16827
321493
114609
135227
150568
466949
35917
127696
142850
314245
227984
11692
362548
168814
30098
50201
348213
466145
243127
137387
298182
61032
42324
433772
134506
455637
44891
428497
430023
186464
65707
124216
276274
333190
267974
457566
427944
414365
415322
99925
140250
70945
199536
165226
474986
40009
182042
282187
24696
10914
181666
162807
211196
280578
362178
326668
412476
207709
222643
154671
53482
408601
82511
457764
49124
384299
430477
202428
155121
446362
304199
169396
204728
246320
380447
129314
208612
146981
399760
493727
218872
433363
211842
174126
415852
299181
66541
453255
58312
375541
439126
230514
196149
209052
328926
85043
169622
326408
276649
158888
490222
245227
193462
38139
154497
335685
72760
104550
492193
502919
476982
424600
125144
186766
269816
272248
369895
264002
85256
358209
503293
460491
387633
289456
42176
500629
66123
192506
453649
493544
114743
202069
253518
51137
495940
385635
30884
347300
351711
27329
211966
203432
465270
308913
71559
113160
41070
98570
209009
496181
144110
72800
158741
496840
6867
159266
475577
446547
404866
474994
304758
402897
457860
170578
281320
483329
203579
446082
58306
121812
384289
488476
153650
385106
11664
14490
100245
237552
476436
299006
447212
253853
233699
472698
485913
62944
463225
461368
185510
411236
436329
324364
292464
260175
195188
18573
244001
274651
433030
290151
24232
354151
365033
264237
205639
97276
43038
106890
143828
482767
77442
311084
294918
475126
360861
495943
309886
160277
425506
298093
316953
416404
318091
470242
200744
381092
442890
56501
90466
457835
303583
303443
95431
433608
278173
345941
81312
223057
245274
240095
157384
194973
137830
233872
47530
330619
172425
201706
222953
304455
317868
78945
312518
411293
403477
485565
430591
402765
461643
400252
101305
195357
441163
495026
272579
102399
434434
24822
163484
75864
173809
305216
24754
105226
458245
125172
81700
474041
290951
152385
31911
477465
48730
275196
493724
123198
260645
451190
422884
255555
330885
121442
100669
460565
218403
300618
139886
6774
179777
392142
13816
361338
283282
441046
232882
472602
306367
465607
496038
366273
257538
499232
51993
41173
52403
20004
431453
59674
53154
203721
32472
383484
330356
209870
323479
293061
367781
61162
189994
16489
247386
503657
188077
126989
314416
59723
51764
360048
368967
25693
198369
450191
366174
111757
225009
387953
214660
144076
404220
85750
331285
259895
23134
220114
24648
232819
319951
245411
327487
248435
182195
489366
116348
303350
183049
137440
481481
450274
419040
1330
49119
224390
26379
333777
273153
266637
389944
159439
25805
461469
445715
285449
202790
197387
86619
213229
71107
416950
311046
342696
352978
38747
8946
15804
209188
1467
383335
306159
102269
490471
181836
292689
322
391932
293314
325137
2352
121815
480891
383947
72090
84222
438380
161129
117716
483103
41950
179783
239256
267354
210295
364425
81460
116697
309048
469567
164960
132593
504302
1599
266050
13850
58311
390956
111494
412947
276458
290128
117230
92245
280704
85848
73917
86969
371612
249751
176153
44250
8807
292331
102082
234387
490845
25620
49602
433287
189744
304369
227063
388513
249174
76785
447199
445282
301358
468070
379421
35267
79105
237125
441003
179089
36400
457971
363071
266949
256248
470236
469466
277021
428522
67360
491760
260241
488638
485055
289483
409662
322272
169487
46216
402734
306826
120036
139041
356375
408608
365149
328690
502998
293588
473151
364310
413073
211697
134808
215216
211400
417126
142570
474927
85217
215984
232992
308346
294380
222232
194302
47138
50615
421875
417757
97879
158392
313856
125641
278981
197417
353821
305659
268583
95580
395501
428284
425106
380051
212388
176277
349768
396890
12204
308546
335173
158141
168780
239790
117450
130632
182625
424998
161527
84459
208088
491063
64990
373552
187638
113229
263901
213044
261242
63936
234950
320661
338724
145123
55914
490991
366489
333547
266942
420876
53614
56109
390306
389335
470518
315113
336424
3144
359735
408455
259538
73245
208354
341412
159668
191778
429795
426452
120728
339045
205860
209002
211873
368556
389454
302384
433282
504917
26235
130493
173320
347726
207270
376586
497998
469685
249672
408253
411741
138406
234185
408232
387256
285818
301155
129910
174265
294655
136602
154871
151641
413274
396964
172081
241793
322412
351070
94755
273646
44019
155965
256924
146098
457840
433190
204674
339842
339039
362121
287704
179311
62224
498545
166713
196217
118293
387639
364943
301003
188475
417182
252441
323446
60183
411440
320313
439355
286693
109609
142044
480128
439065
218475
307810
99400
343352
486252
272254
431511
489213
312102
397766
50624
401572
278999
23731
145691
504215
232473
331502
502866
364157
114343
439316
398797
247449
460300
384755
420312
352340
477771
409121
366488
207917
374637
410011
161883
303401
313320
116616
383126
282660
425181
236677
339492
269999
319305
1235
213415
242269
376274
399769
425410
177205
250468
69939
169929
179632
371184
152268
107618
169566
490346
287359
287554
424829
132213
325539
231188
323672
455453
29517
263251
17438
279709
296558
465367
9357
222231
143165
280873
413419
444258
130074
432605
320989
36043
207619
61835
56020
420310
461222
228079
116102
287751
438032
203544
477493
156245
211596
309406
458069
468570
5981
26677
478828
490847
244534
290398
113980
210284
76713
11965
433931
384867
202989
98103
277736
220882
416723
206293
399767
497787
381394
324358
288656
382128
30279
48452
207134
4530
129588
252253
306078
481954
184870
147346
414025
20332
70510
404679
306737
132263
211525
331421
185619
162654
383760
370517
213819
196561
468876
421525
308772
214032
229790
102695
426691
474399
347034
388406
119910
293512
329498
186426
10403
461673
377291
328766
273502
433493
261208
132145
447864
282564
53037
371260
435380
223553
291633
34640
335302
418337
430517
445578
328837
9583
55129
348412
11851
195664
93975
272306
495676
93753
313266
194425
288431
181392
231163
245605
74714
149325
348084
414911
30999
247597
124889
389247
320018
121930
217676
89769
311665
80809
467275
65279
78926
400776
9520
285618
427882
504531
373742
177105
115461
175275
200652
455326
225311
341352
355831
28683
466105
71517
351659
294537
253009
378871
39403
398819
376783
71250
262173
117106
282763
132137
294885
239706
431691
165399
423490
23017
355991
61400
381529
409774
38225
138524
416103
369132
425116
233722
139806
494269
112350
290888
319337
499365
484626
112583
199499
276918
229703
85364
269597
94390
250119
311771
427820
237303
237360
53304
107566
387960
125403
459534
48043
438215
189850
83758
83583
41908
79755
177197
247330
142814
88579
123251
143693
324488
459631
197038
360107
323618
143514
176002
207352
406727
478607
354595
490175
322522
151597
500191
389042
132266
278774
390213
340369
329829
8920
96128
183005
482231
176667
461047
55014
134095
231148
69045
67624
314382
2572
124445
244680
33223
129428
28366
316267
293171
284749
246990
163738
34693
470688
67808
373608
143063
172808
422369
121410
236533
497971
51118
121937
403984
361342
188369
285912
217548
24206
134091
481505
89458
161255
182898
259069
482223
135757
347740
103125
367336
154900
240454
273001
247837
180909
468563
204322
86808
148505
135524
293593
262123
7962
128921
157414
388022
395816
308593
265996
213673
106547
147467
455715
44559
93830
233763
267505
205940
79714
237699
470462
394469
319620
13508
2410
429160
205060
111351
154108
172645
209289
482394
492247
12964
63062
433262
352518
108036
182825
100149
34335
87029
13514
387941
132231
152280
102941
485972
294352
315658
88555
87487
501957
403471
370703
450925
350293
107207
457378
319646
235887
348822
460444
311500
384973
163578
342811
99359
62583
482165
417599
327834
355099
184908
246353
251683
144494
144863
304967
164137
193608
28315
120544
208762
126990
334615
253543
386773
374765
411953
88800
274159
404682
301914
301308
293735
425397
340777
493319
206628
329212
504904
92531
386108
110388
142990
278290
70409
69458
237769
76252
61654
261898
207049
137024
233111
309954
303197
469417
422506
63217
316885
445176
427304
154163
31040
362427
261846
405975
25372
78803
360091
95660
428033
25919
425776
430653
341762
389375
348804
75790
205115
315543
377332
101076
35214
342571
223566
191522
17850
63125
277859
127279
114507
215859
291145
386775
263362
479186
13910
189486
469028
56387
237794
72144
373146
52135
443515
458725
281326
187002
285361
241757
181020
183468
201131
129746
362974
70652
382829
6504
292180
480099
348320
247229
486653
60659
318317
279758
431611
65204
176657
255522
288074
364396
247358
315487
56587
124034
110372
316121
272855
158142
498840
58836
41585
179330
432565
501424
150463
488577
340371
18551
278835
357898
52014
76135
117705
480171
210110
448034
52672
192908
440467
159561
198621
400506
121445
503944
160735
186892
282639
252729
91958
440439
276194
91113
133834
325203
256053
169315
344891
344934
102132
147442
210383
440801
192245
161819
498556
422938
311209
141557
303132
193669
357327
291618
5946
474081
365845
17598
336633
183510
312948
54672
388403
305581
341356
123235
72251
204036
137855
116527
331017
242363
161483
59214
493753
99081
19764
477369
363895
168631
486040
95787
253907
321043
421859
366509
486612
239566
88788
208878
136786
31555
474426
335748
362555
293077
347112
389790
403974
70452
309264
71666
462116
85574
390002
470268
309478
351592
91130
96438
109479
429969
58077
290336
221366
212148
90063
94431
12921
103810
314491
473570
344670
346602
376207
237627
249825
338821
182748
481344
177295
489009
25388
27272
336517
357772
455340
134854
437930
441994
436736
24661
405913
186493
444140
145121
128256
324318
18221
408656
26785
177365
65377
152534
404242
207467
458396
269755
464329
47931
471993
401365
257240
308295
494215
281796
413181
3649
80515
491279
325166
233061
120102
242600
331896
77411
471812
216124
471261
75189
109164
469394
243136
425537
183593
344868
17179
488770
437649
209396
279300
264494
481561
371341
254655
316228
101920
177071
218866
392642
366675
337877
322613
65630
132894
248394
11020
427479
66715
133326
112804
61067
317032
24394
284360
10316
46730
220931
299754
19761
132914
248012
267583
392349
246188
452810
492816
250663
24916
279896
196275
417805
221805
184473
346332
235545
102197
377466
350417
252033
433565
150118
328805
334781
213699
185256
217138
462712
361340
182612
241140
147766
179263
465374
73518
292194
178595
111491
247472
425966
269343
41250
188946
334468
414870
312258
17860
257808
440943
383782
28034
85799
243365
362784
440716
145361
163725
123534
214932
272938
163984
306876
498468
256772
85560
474877
307724
186366
470167
28893
382518
7869
479666
382945
124488
233698
493226
465156
305033
308001
428934
234884
410912
193654
478416
443089
395986
135291
39651
100913
468454
201366
312737
361198
353725
2188
463342
464169
294372
103296
221109
443622
36606
423869
357197
177780
220991
167689
272915
407127
404272
141787
253984
467307
184266
212975
166707
179873
444333
176537
394367
231999
94653
124993
385688
414430
181542
56598
122808
374304
152175
383122
504680
290024
24454
112202
467950
67042
220722
170604
103426
188327
358835
399371
96077
466339
211290
170880
211176
52972
332820
51873
222741
250405
461344
438987
37599
213193
220045
242454
70702
306163
187162
56579
367838
150961
261150
385173
386519
331329
428756
436817
140976
304148
162546
481348
1671
22725
128315
355567
65953
294863
51499
278651
372235
490686
263092
489258
107292
313859
285658
318957
303618
112623
119197
450247
487609
206364
32673
442815
103728
123420
456984
46794
418683
193048
97124
214821
466275
379098
237602
277720
1564
390884
172768
295671
90639
331
290708
285087
174483
353394
11420
452037
289042
406181
14318
393773
314415
327071
337453
360959
380726
495573
167872
430604
372588
230714
383314
216843
21588
219661
356498
213329
209903
124974
142585
285793
64020
255581
178617
227135
42245
445489
386874
13779
180974
207458
214431
255300
60100
119689
112772
381599
406701
153811
451319
374408
358196
463605
94181
142223
308549
466002
327442
271509
314838
396904
367768
346707
360581
344100
246415
80022
470103
214701
295274
450291
47184
235129
468284
383396
238405
15290
113149
90676
394255
495763
241388
54007
237727
354507
21500
20222
174633
14118
65574
99343
78595
117201
440814
63054
95914
383492
101786
420239
212112
348890
41945
406151
107625
126584
209043
314878
391219
449854
213814
70302
467715
8160
56107
401939
355405
109376
195887
462874
247182
270528
119843
397351
387888
75920
502030
349633
389469
134646
403405
283038
172590
258329
75840
501757
196982
19457
159949
147373
19714
476415
315744
481499
180726
18034
112702
97518
425368
25685
204977
292320
326530
378896
416031
251075
307925
46921
480016
286404
489677
389154
349472
454965
384951
117703
501960
246203
481391
388318
306277
149757
473160
295509
190790
29237
271356
393836
276488
49840
498532
183309
198339
485853
478425
388974
299338
24322
76908
364814
336724
328344
461623
476280
422406
129277
156697
297751
357090
259019
338686
11589
368695
391899
404210
266065
247771
30180
245665
311037
175229
365981
309482
436454
55032
303595
435156
363046
491914
492845
359911
246455
321797
449565
87897
270826
267994
215230
465122
128305
484255
172811
479377
313020
504748
56935
193766
194509
9948
242186
355771
4713
484302
56628
444594
187011
411276
432257
99390
369427
66521
447486
85111
264730
296523
399700
173141
133494
491975
319482
226562
113190
72687
47298
351199
103920
197721
316223
116278
372326
21626
161914
422160
341731
360127
176053
382715
187394
304136
537
126920
142257
186443
151949
462607
135877
254934
192819
97409
340018
404669
80634
207375
91022
72025
388097
281525
330727
245690
457945
240904
263401
352087
147740
24466
106775
100667
64669
406679
129760
13563
271479
200875
124860
92359
175529
95846
366339
399667
499323
7804
222816
224930
313090
78074
45315
175221
113194
285590
494522
150835
460822
323488
446086
490979
441615
324078
320214
462328
307422
391955
300996
23941
41544
369290
12590
345731
151107
142626
79299
83151
304753
157429
472764
81416
203510
159001
342366
194736
380285
153733
492649
41059
379700
29865
59004
486204
375721
170246
145716
380424
30273
391305
349967
255517
164395
454723
283439
397646
54548
224626
456085
16408
243313
334746
487586
59691
169941
63162
403741
379225
296474
215140
43586
25159
142904
54536
411405
312678
482133
481497
170425
13198
340122
434590
176822
179930
177894
340698
176071
172491
9226
380236
132423
5741
66303
420698
246258
411761
445245
429280
276523
265880
101417
333120
8775
455579
195162
374551
494794
393520
123465
129288
98786
320540
260254
477471
209022
337122
28597
115105
373576
362912
374373
312696
223369
192318
415865
274887
123652
476100
208182
245484
227657
292432
252907
252279
396719
130324
444112
184703
262996
365644
154008
119911
348864
478744
141459
293578
244721
458115
166098
487584
175568
297041
456420
411896
28549
374496
328035
138554
315218
292093
417293
373073
374518
416145
445351
318282
117997
466211
142266
206066
386997
378653
485604
218507
415926
298255
498139
490446
363353
441088
467716
429617
376463
130046
199876
485925
67290
343761
389504
63394
412765
75065
48388
51277
61779
56076
93232
304641
361288
192398
353750
387230
287871
477628
360083
238210
125160
198829
264682
42458
491105
20375
296116
318174
13966
460779
307313
103208
452573
91283
39351
316637
287121
486978
361985
71740
267801
470426
57476
410340
148991
148784
50592
7450
123663
388322
83420
490306
196259
159326
411676
239618
77741
452299
226680
83682
403680
149943
102609
94216
184795
489066
192764
401986
313969
48840
430485
122419
481618
41456
301285
330466
98350
309595
348695
129554
9463
263550
298266
447830
248497
424477
434224
206467
128918
600
277262
284624
229964
11468
316902
89973
236662
444420
312879
292783
450849
298070
104967
300541
24216
344712
409744
79699
178021
401667
154124
124352
2095
48087
234406
98417
338500
411234
482672
216749
381966
386383
464860
126249
136137
270661
264040
328144
165248
493912
106452
295761
314648
19198
151267
443509
181573
112592
262130
13623
498672
359854
404592
303676
258008
389804
85639
322090
410209
407086
275763
181439
501039
360080
297886
200764
284857
202056
238134
174497
486147
374846
78027
478353
187678
95986
220002
66063
320813
494911
407470
189614
408677
227736
15045
157405
357514
305385
472393
156433
297834
462759
208746
337186
33961
480618
227575
412735
140761
459928
139587
206142
112337
1707
202321
504607
124594
478148
288075
266400
451327
215827
157046
264630
501271
495220
63170
426282
378440
465535
251457
403912
138143
276732
50071
134049
42691
92855
177159
462316
377121
420413
110989
50161
487460
348663
116892
139777
178305
284290
398462
161329
166536
192503
298972
107074
256459
455277
83097
401643
235034
70675
111673
250476
128099
422955
445416
141680
299672
3981
179046
360648
123467
424875
191561
195510
326443
485473
20337
170255
377190
70374
69455
171122
429194
466442
79287
148907
17916
286229
152390
263463
2737
296039
406776
211892
482802
280522
114287
133066
362479
92867
463495
483042
265316
39753
322414
65749
10903
31339
365015
140027
293218
42182
267592
308164
24370
289879
290053
468329
88389
455530
49977
121590
244975
427503
473777
131967
371507
94506
155360
464598
406304
182769
387614
336703
166201
289709
232764
133514
330706
14445
423654
413081
85235
134447
252462
332823
219959
278136
82419
475210
223843
96240
202669
20606
51568
292176
262909
72872
130095
260103
292010
290851
474650
96404
197950
80738
450362
96360
421202
440021
1757
85820
49062
64413
421305
382282
239825
359030
42445
78316
219361
374568
337045
63353
296920
21671
407964
205895
301977
457429
78748
151097
222743
92795
420395
468748
222122
431875
445345
196244
167573
352393
227401
12882
182127
481384
220944
254985
44679
113672
427140
222850
219554
269751
133033
402182
114131
495511
132377
212212
109682
384135
126896
413250
405125
290406
406042
170269
51633
209514
109951
392691
349409
463406
168139
193795
291293
183888
407177
94721
452857
446757
196067
165950
76369
247512
219614
340300
185349
250363
4271
355750
161599
186770
463718
351608
175289
356711
315692
81395
445484
123528
173726
130538
74407
326534
168035
10468
55056
442244
112139
497105
134839
121311
165335
385923
289091
139005
294789
432938
237048
333612
424274
386
352479
121764
488209
401666
229606
497320
106133
139620
464468
250863
178208
237735
282167
4803
364561
461837
125636
429619
154822
59266
205662
352187
101521
478486
65629
60699
323564
113535
412892
10175
12773
483396
344900
58549
463770
244105
388204
406333
301996
463449
112919
206217
214322
386193
392733
250932
71948
394701
477304
137447
11091
412588
17225
394792
42660
277032
322529
115547
420521
41300
222403
378182
243608
381404
254723
442228
146053
148833
131691
149419
485945
466178
5942
172001
162811
225472
150824
246315
461831
479739
105723
348994
458459
288634
255288
333345
23536
330752
502694
451634
461909
178931
234458
69173
414811
458813
440571
425536
119262
481586
52789
343901
448401
379474
423895
221453
112779
434146
394464
301256
275537
107945
54494
375424
128364
366713
418937
35585
376654
98129
474388
126541
489704
105475
411156
435338
471129
407169
320065
363630
142595
68171
300919
386800
54403
326517
293855
371594
169777
395925
190262
183761
198725
187551
29493
169280
113152
385764
240405
34711
350690
71441
8283
6619
463478
342001
285292
365544
284354
184949
164982
288302
296193
389627
83147
283592
147929
397162
261946
160959
177633
465978
389962
461558
477255
433557
211422
363279
256709
423790
239037
252245
333191
284864
460262
419677
386023
424261
453656
461056
472495
372999
443507
170025
267392
238291
319196
446364
171398
436547
274791
369403
379526
55786
266291
398202
211410
75424
45160
120479
23762
437352
39156
378405
157346
347628
117411
95973
178683
290640
244186
108922
340461
30189
193593
367507
49780
174015
177553
326010
455522
200992
274889
150198
82071
206073
292696
367815
230625
341342
249693
466892
164062
330777
495252
302689
285717
395842
237700
342392
58806
131910
392177
353882
6678
235340
75789
109813
336719
266467
430922
341480
347353
439740
404008
350502
452397
207165
191624
87613
280763
218604
411170
337599
125655
418215
385009
226223
39295
383758
103940
176400
259384
267315
437633
129469
427064
204513
452385
476804
137669
297589
364384
383349
40557
368800
130795
500472
454848
1971
152000
487982
16289
32474
310638
328325
272276
159350
277874
194005
347473
1072
290240
172584
494797
450803
247611
221657
410482
10723
246208
268116
412836
411338
461104
467922
457319
488154
504076
162479
192626
113468
140959
412940
498941
310033
171841
200366
351642
82443
272433
269217
410049
18294
178800
74788
173511
102858
76795
71416
96222
306490
280050
455034
501180
459411
107148
162256
159576
148967
454229
23854
475051
101410
197969
23811
416610
429765
431601
299383
330615
100475
313213
396554
272539
28727
498261
135889
45147
237972
207550
167400
195322
328947
454652
228952
282334
161028
277361
242847
377626
377213
417895
352665
373163
361107
415752
416522
479744
257274
35811
485393
436620
306178
91354
206502
160941
310350
285145
457506
207865
55445
366317
420011
416609
406057
17996
414322
191152
362311
275249
184697
472917
399209
357849
159900
474163
53067
493776
429886
497945
18535
4243
171461
157086
230881
68516
393868
23647
376595
353668
221703
167660
125259
63108
291766
218384
435484
413112
17453
351727
458139
318659
357656
249706
392557
450781
36241
212344
148634
433842
269811
341956
165184
8675
316720
331226
381583
263798
468092
224888
460978
170056
158980
431799
442638
157376
446487
395687
313745
89790
156989
56937
453090
227689
232396
346546
284300
264422
187918
231716
501925
474280
27233
27845
205953
119073
154282
362581
486287
304098
107009
282923
360288
158400
307991
240590
346423
462451
300510
412097
121733
328929
264339
272592
178017
472137
441819
207266
443842
81962
461562
461704
338259
390132
374982
35147
379099
251792
486400
174246
273391
84300
4127
189346
125197
10541
160536
138526
370599
447527
70033
340489
120958
95053
353585
411634
443425
300043
183296
204540
281269
114587
68386
188698
128403
122660
258939
196826
257984
386010
6260
410351
113205
280500
468322
459751
85702
329522
269123
384452
19827
130041
486184
137083
95489
225884
379605
46557
173965
432234
367470
455575
302748
379305
283683
21308
282263
461857
253063
135586
187455
276712
30175
195421
20439
445842
149553
195395
331612
110667
341277
45988
146168
132226
293721
45327
170649
203154
217436
466885
267954
257732
470655
346483
70477
389213
74357
440964
485189
492228
332160
116134
301287
374442
415226
403204
452458
202373
248115
92858
204032
158305
221904
75545
179207
212250
155949
322652
329380
443914
9095
95336
25638
67091
335754
504383
269396
399244
207356
386021
463739
47736
403160
103123
365120
32665
107011
487409
361501
341259
47000
23955
147724
89167
187862
434654
97621
170077
244270
8260
451209
359795
128489
12810
474974
411823
152471
81564
397204
141313
28525
51313
298911
356733
436359
173874
440521
87859
216709
80933
68155
293646
128332
441181
476466
212763
98793
256982
382588
2330
143419
235682
15380
201993
364937
290418
59433
490261
356850
30932
348964
56416
298348
465060
340941
101952
376381
195815
330267
471714
325871
116891
364980
178411
494460
288749
391163
44207
162801
115717
69797
136004
340451
177054
367751
59731
407195
188679
225356
187798
454602
176301
186954
462335
46993
409346
452459
66051
350375
504189
206716
456449
85302
477
252693
420208
208966
60
237221
476020
348246
415813
261514
328208
49737
266049
72418
486554
442114
151196
481781
166135
6812
453717
77017
209341
20282
174345
279494
494605
495003
357891
415980
360950
251142
183287
250825
64195
391715
61665
372161
492842
65740
264492
419583
123830
310973
70623
162079
450607
84531
365066
315245
365191
473781
472103
500681
302060
129028
40779
380511
182581
364585
263740
46943
149704
381482
215983
254830
81000
380613
382524
341525
49976
323521
471931
111653
208418
502415
325788
430264
288006
109922
380025
314035
340679
266110
257830
113306
252251
180648
487653
313932
151849
379075
69489
55984
345155
473985
6476
478584
40614
120342
200463
388418
11815
150408
331822
282740
432190
217677
190659
349283
172616
25733
241179
417067
341490
150564
427389
246000
93642
453405
380712
201537
385624
260879
14457
473385
397604
199755
342503
139205
108487
277962
447468
111874
213096
227371
84771
334165
209484
125011
172726
99041
480900
29695
459159
234363
143923
266421
17326
84370
361362
464831
113868
88488
487276
257735
82582
418412
217575
145673
66031
245672
258213
175286
142142
401934
218071
56195
343794
197274
160589
244575
48757
496839
274632
276982
374355
178520
454999
20550
259681
160360
232782
74282
304842
251816
407054
308214
388487
393718
175173
298828
102997
56341
76436
412764
194834
184279
488139
207406
318612
490448
70760
500334
83748
56858
247433
186277
390201
211913
237909
282818
249063
257360
188689
489733
452886
184858
352976
442076
380600
68978
338203
286872
196139
184810
157953
342512
342056
261439
170868
131061
446511
147379
313061
376284
278112
442445
104483
199020
192612
30566
34862
47579
158951
23909
465334
154836
40015
291106
180979
306474
43221
1509
452303
433605
65513
293607
287264
129872
10391
96163
139559
87957
195261
134413
441794
141568
333841
261425
378685
438998
463624
96264
305921
276453
99318
323677
370863
200956
50684
43254
425414
244248
283735
128166
299250
249204
412303
342566
32628
239199
290944
410444
367419
144828
129664
217035
390367
213156
436114
418223
146719
148811
49216
501199
273607
95004
26327
68754
300512
161413
15509
86346
4462
183878
229897
70104
57000
413620
141933
287853
177333
285569
9423
112744
403414
494967
184336
443455
281422
171231
90131
158997
70446
193224
364365
331652
218524
210571
383334
76592
148234
420798
437326
484084
294716
50910
72829
183685
170380
325603
441413
29116
460202
157707
119366
275488
5680
11529
278095
370477
201451
314590
454255
391413
112799
497250
177289
303844
190296
356823
491488
371579
320880
86822
326148
404950
108253
456064
483802
71994
58859
263358
88672
428303
154424
71952
45296
102411
186447
108122
449633
258077
211732
119879
117600
450433
181901
65241
313539
80231
182457
99013
294715
107167
46997
22831
17497
253522
284080
125849
65618
275294
67820
221168
281507
252199
169621
307561
386048
103765
16197
164085
134626
487267
62461
133680
499696
132180
145293
412934
495444
103531
437948
194209
5032
472905
218468
218606
137299
185474
491077
116994
23669
419350
30658
180903
353182
455119
371301
173347
429142
322055
433859
492479
51465
281161
45490
313438
160821
16153
319
453539
179999
261850
221086
441586
293967
333813
91912
236394
362472
36512
118100
418347
359201
34873
161855
63741
358981
247087
307306
172243
250479
80737
392361
375240
209827
498276
164951
479940
404616
468321
273703
346410
481461
271463
425532
79214
434717
401606
313507
424023
172930
128688
87646
165717
125343
481332
80241
252328
87226
391557
146335
187617
59450
307834
37425
62115
24108
72729
349272
490466
472824
193024
132872
439433
42471
74279
399405
301789
275416
67009
205851
60649
404710
304645
375667
75061
199025
85771
402120
355691
200894
17265
279150
215494
369039
167274
110946
174403
451453
139042
198106
67013
92865
89455
472244
205858
126824
87341
450095
418658
141694
405896
469085
236901
62189
18346
381119
389324
229752
393873
357349
370573
182596
401210
160167
21713
96965
311356
121567
450602
58893
269073
481631
52598
139443
68609
270508
129881
499099
123453
83938
137500
3174
135075
363191
193358
269012
503535
426154
234307
480739
163899
170738
236660
201745
409322
296547
384207
82079
162047
128844
437762
40050
104567
83649
232361
410391
333224
341557
431728
148343
180737
70658
9553
132032
382507
96330
426153
279975
61379
210799
25308
443796
225870
75469
17817
195533
209431
278697
358969
142983
499946
26793
19097
474062
37289
163061
421653
134836
241064
474489
12538
362987
80174
421562
324402
221620
365201
173414
97021
342937
484968
147716
174243
233627
300297
79004
501233
49498
380098
119696
351858
148942
230548
264715
67935
170211
280338
26586
300949
151770
4065
208412
267999
435758
365174
277700
55799
255957
337349
228317
252109
364653
325397
214863
487749
88883
252039
52361
157684
257186
491928
198668
8338
466606
56306
370220
217941
30034
493463
158399
251232
176637
322013
393305
358258
61005
217902
308349
460948
486997
187278
471286
267775
46879
462697
451413
433260
225800
239524
212335
39857
392277
61628
428270
287519
324922
403280
20956
483741
149256
40625
308476
21431
270935
354993
98267
63184
216896
476863
202726
497687
306728
170438
350787
453768
287118
294826
385843
4883
197754
19871
394440
233211
467613
365250
13044
319796
15880
110614
119639
500205
147512
416840
310460
1222
279550
137070
270812
477150
327949
201098
495020
124835
228358
173204
12560
388764
376526
25857
455615
78397
409941
30698
454471
228614
50572
61011
209080
321525
470192
347504
117822
151366
14246
79412
425073
305119
59496
313329
101942
269571
441336
475727
38091
84926
203164
18464
313503
153801
501832
320804
171027
136573
321365
339052
152012
204622
350737
360781
241559
319312
362543
240271
316172
457117
220248
20475
367548
503275
464076
363185
261712
188496
502981
349480
326861
109458
199048
88499
299040
106853
169544
191088
459914
37914
360502
451332
344658
306750
370464
495150
140771
410036
492393
315565
219903
26762
182582
446387
52945
201539
266481
444006
475375
12798
421096
456025
394898
56872
64405
467384
238088
398595
207138
30253
41998
427833
343965
441362
261398
117480
243290
11101
332829
29808
23425
325622
120557
166977
88268
450257
107092
502434
228900
410111
16440
64524
266507
133503
136005
398472
231019
115334
499644
448675
263444
243386
409163
285461
155844
302079
401041
429694
99608
496106
418599
64678
284929
95302
376350
126486
25192
267510
420014
493858
456349
56228
128680
277229
223682
192642
266175
465117
377465
310187
501083
392262
77215
275597
376725
57917
283387
6254
150134
438755
392292
175533
402395
393982
249383
310989
373388
294354
227958
85009
115724
80877
97251
19777
410545
249490
472737
362225
223803
322123
58809
112030
152635
215605
136611
500813
6030
45269
186000
88205
272715
189926
245964
374735
437358
427363
382982
423431
184853
106548
76672
373679
227200
15110
220133
136543
37031
407083
431514
437652
21989
268736
29633
149690
306372
323928
150203
265560
63554
51210
257022
234550
8812
19686
216158
175016
377829
457673
274083
79868
485576
228083
314892
383300
437014
6528
128805
235613
272266
15445
135093
68526
391374
276243
106227
64426
416521
290683
501200
374097
251637
136769
91945
201908
105676
50784
90685
142939
328744
97238
43642
80444
278359
493639
448841
6702
159575
370249
234583
414523
493747
276526
69149
7640
308313
73079
209392
8241
396497
390950
361242
85166
162177
201609
389747
344579
133179
222345
72310
376769
70198
400424
249267
292773
162399
369899
261464
16872
385411
180270
259835
165689
175842
245065
386327
73154
410643
286230
52473
351351
26471
329004
261110
477661
260372
232076
26505
423267
151375
398727
503830
337201
420791
298263
472732
35452
39696
476640
146979
60251
473829
291504
324920
437201
197801
488548
309612
215196
302523
386681
98427
333624
265041
415781
261741
166459
256129
306920
229537
284491
433002
301125
274130
189203
19077
139573
176504
102930
70858
302890
371441
304330
493529
196066
340946
395214
8102
183211
281256
3798
88668
173377
302073
220091
149621
444081
467823
384017
232355
495815
349671
263357
276048
12150
295555
206455
122270
45398
432773
4155
214896
236061
130200
377877
8642
257573
245335
60015
184477
293489
428125
379354
346654
219321
113376
294768
233090
186066
222091
212588
402375
219397
77661
269431
168611
256575
62034
31381
127443
39584
130245
304736
54295
305147
58171
432566
16671
315067
424896
358890
440523
69921
215299
474942
286416
130625
96785
33996
290742
257229
55879
416835
347649
355817
349194
467198
172503
387358
139404
428708
113970
289943
460590
392588
150497
13493
252432
206097
32508
140766
64970
305269
267541
410636
471750
4520
14196
435418
183067
24455
174686
356465
355238
387640
280332
303752
55195
163822
270183
227314
144501
461565
468643
187233
360123
343569
193588
45936
209265
208308
317945
429865
347192
471039
121179
343159
444322
391309
66298
175020
238072
318944
500959
364465
382606
486029
295493
476221
11405
217190
480697
213041
410509
407537
326757
361972
100923
294659
65607
391961
238384
103962
461993
409608
201260
244300
53130
7066
477596
28396
359332
54793
234563
91930
36503
468880
54266
134830
297319
377862
102311
400579
15902
355679
36975
157439
410705
139271
397591
122222
41057
435986
212302
40704
237313
95170
359996
174674
147385
443977
141558
68279
209835
486500
452696
351438
160966
204483
35207
256866
169415
311662
457498
330187
103103
454037
383100
400597
253813
99
67184
48076
65220
367478
196932
332459
203658
431696
497666
198516
268671
327611
274825
272879
105784
327576
43134
106056
246017
120158
239151
232969
223992
188788
76112
105384
453398
97867
401384
276360
144026
160739
86855
100189
92564
255171
300290
305249
14732
6966
352117
380986
269856
308087
429839
153369
163373
384012
241355
397011
6105
494935
334642
287583
288106
246281
458308
404376
415202
94551
418182
351897
326243
191683
371506
156747
196052
128137
193281
286056
495921
150395
278615
480068
419895
340213
290861
21994
280658
86234
413502
346864
166931
263601
295895
252187
393073
378502
309742
494219
245627
402254
432957
105228
336983
48128
99178
374352
497164
191746
417398
159067
202823
443892
137466
482913
389076
206068
180217
27142
427953
145319
332127
143314
45987
143929
319628
77520
88625
51280
199803
225066
9274
209662
40308
17856
172439
174887
269502
336913
209988
60239
60394
85184
72131
355038
397092
251382
474568
404966
65255
118372
205769
369048
332252
459522
389255
340964
217954
53720
387340
140966
455421
32841
177411
154508
228173
179272
311211
389532
262179
68345
352395
133349
473694
20801
389859
401261
172558
286334
235121
357305
114231
300361
353204
139210
459976
133664
3310
54900
105212
215090
411939
395436
223580
397079
44106
24182
503087
379989
451840
301543
58206
204384
487920
352526
478497
252531
19034
79658
137137
369702
86592
489955
480927
206239
358382
458933
116952
309052
26736
11344
371481
231621
236411
187581
65180
119972
307662
504279
450906
222649
82324
302624
401540
95332
478587
18036
421776
297578
392053
115747
501035
266488
178175
254312
203239
163877
433154
190878
284123
449280
416691
73611
355560
28910
287070
256317
240348
396946
323282
115367
362705
231604
240496
281934
135116
399031
497596
124148
279019
378367
235784
339151
494679
43437
78744
368339
45541
225779
280128
305459
122608
266574
283020
203428
175379
338363
215654
284067
100866
180710
1272
144911
376311
18062
452179
90549
492928
498590
370596
248224
26006
250897
417117
500229
462683
174770
179572
494273
81424
131838
182801
480115
142628
485579
193564
22698
279554
108712
292012
49904
156924
17527
370968
21745
149183
408730
415975
417423
102201
67315
278747
17468
140602
392451
475900
424417
141357
420855
342089
490835
165630
378670
48574
402837
89122
378914
351918
421752
123738
425436
414600
278120
91478
227448
396717
388384
248162
221416
436066
412385
154744
188399
223923
223949
365634
227318
69013
2693
254019
229230
440735
396761
200218
235819
467837
444664
317290
482300
61878
177825
112240
72402
344107
290852
438675
227705
295551
178151
93588
346785
466191
299409
59573
470802
271156
267793
138577
146862
351982
333388
129596
452948
196555
124859
306036
346798
238705
497696
151367
468087
128619
98580
12796
62947
183737
295471
171527
188571
345781
469747
278384
131069
453282
440778
185307
465788
331124
453118
409584
350856
309990
294955
432351
369797
278210
91520
466184
135944
427822
470999
425307
75110
357403
18770
240564
80044
229785
69002
173453
242203
14537
273345
431079
397300
494033
360254
500660
441032
306891
156777
204369
493653
450981
308781
51841
16924
461186
142712
91465
455850
469617
436574
37371
361534
330527
16147
317049
13415
424632
81390
73908
55066
332180
188935
319999
11460
500354
245200
211548
380308
433607
408415
340340
216313
459158
239649
130466
338346
375020
312341
421008
32517
319718
379269
253541
427940
98166
149554
489377
285478
307595
104459
232042
60226
411248
152976
21156
249834
204208
461116
309231
316839
328982
490506
72166
303225
17224
298058
160056
251122
320448
205340
449807
221312
474786
220981
438185
450441
158072
262136
465685
18275
205817
377364
90176
188199
181500
442980
163122
312918
282277
68839
174286
287572
90071
66354
142122
344978
474410
193202
463587
185126
130112
373798
311260
357058
377871
222758
103254
459986
264029
242519
294989
385499
495081
125846
383270
404635
171356
282846
410974
107399
435762
38789
233185
39466
18405
377262
349788
358283
3655
130876
189216
56536
126498
107042
98696
442290
60270
245906
212965
29229
150684
5801
138897
225444
252965
476345
169647
331919
110940
334559
110436
170329
76317
99644
416070
479181
70159
475236
196737
4240
253748
234355
187922
248720
504636
409753
166521
293652
289321
430331
148281
314081
425639
217219
268724
207180
104462
478997
239872
141333
167264
161879
439155
265498
64673
220697
175034
120046
430565
456576
9474
271985
18601
297951
297767
35078
141044
250249
221708
269576
330528
489680
406530
179835
42667
337156
271267
260028
175558
311673
123621
35823
311684
271553
300326
277346
266384
173486
371100
374136
498363
35945
455186
350204
348134
428681
169650
239770
213967
114365
255855
314142
241512
148558
187704
18314
306719
288326
436983
484451
40006
392043
116166
375335
266848
468646
432292
107026
393749
284443
448837
446622
78067
363917
394396
142713
308507
104528
101605
326774
389830
124356
217935
472608
460697
142420
61829
358843
212080
65231
192425
463349
487318
291539
119682
83939
153391
169070
306958
77133
330761
22801
383643
330040
488207
469203
311741
230445
62972
20108
115034
44952
117068
272698
290207
274155
285579
249473
78618
129412
400068
5045
124085
502391
171094
175353
269528
204626
96529
444212
210935
246827
58412
393493
282100
452825
141948
451916
216256
106583
301089
31590
170476
164535
402398
276614
87708
20778
353584
466336
201758
299778
151720
34220
97846
49246
223152
4783
194836
368219
492751
155224
71771
69533
465494
17553
109268
428235
275023
417732
76327
22035
21742
273367
307101
303109
454438
79052
308497
31503
128993
362430
80347
143142
311661
137989
267383
126329
387943
349772
260817
455848
273061
364718
353524
497779
292397
144729
397758
18988
317846
465380
375245
499928
418713
307654
408217
349401
110572
235063
412873
413676
461869
122604
63956
352167
370484
11481
286370
238670
112569
491504
427582
303624
189391
452104
451082
32536
192087
142847
360882
292859
277582
208226
197207
145748
251103
222830
393099
359522
410261
173665
268837
307850
12562
432243
138239
490347
266077
60609
143017
359934
322563
107275
28649
265965
265610
116559
361750
66651
469436
76441
390528
370843
290900
16180
479094
146360
265484
99031
36714
286140
22923
415699
13726
74202
386749
211007
234376
66390
197208
258012
480784
275890
320264
224528
273112
449201
176656
121428
471654
160091
468339
202500
118526
366484
424717
101676
7173
151258
351382
233533
117346
408944
31738
458128
429477
260065
365540
8494
419240
389037
370416
97643
447067
151432
159148
173413
395313
405069
18594
409932
91226
392066
219749
362728
101836
479480
293360
254248
347235
232587
232683
424470
381333
382022
33901
306165
416623
242646
334863
361327
505
157823
125441
868
149791
245826
497871
308249
29829
62795
65860
27335
435635
235436
260352
336607
410113
328752
147974
222867
233919
100674
274541
361674
324537
137105
323573
38189
158711
496053
129041
342544
431517
411427
234029
503811
268695
47615
118928
283582
240531
104455
149612
20640
117897
156158
50755
414832
286735
269027
182079
305474
89705
245294
484865
123086
54486
472751
174283
40011
228507
357210
91522
260665
141013
396163
382076
10904
461361
469949
30477
212551
369832
362075
453172
449351
205615
298341
298068
477558
114898
207892
368226
259532
305952
62008
103119
10538
385433
39603
330129
16762
124881
247003
157019
186283
475970
171028
356168
354565
276435
278918
261380
168731
98566
487835
286924
324249
456255
71002
413039
347718
235919
372968
123823
375709
352637
410404
436556
70055
100077
240477
55298
33598
188905
173650
260771
431770
416073
445431
202936
133231
199769
81865
309239
300165
296942
134695
391950
165545
298119
161097
44472
397597
104679
402644
479458
417438
348867
55099
179372
14574
105745
297521
436014
371418
16288
495556
337491
469293
43760
493656
434792
454048
394288
435891
136500
188600
420115
125883
360915
364263
106423
214518
242548
40459
399315
341978
295146
402954
209796
320044
465599
217849
92502
186715
463687
230435
181949
383900
468593
397500
220221
338833
92087
16142
468745
118844
1631
470918
426315
481005
487775
45862
487582
86351
94565
350203
438985
207035
225924
413656
447621
228429
379507
348963
339561
309280
328678
29087
295863
26343
35673
147199
501224
336627
259287
188608
489265
90188
239083
481114
461458
72616
296709
445204
375564
487435
266241
149107
503583
217503
289800
445691
71960
469887
1691
252673
99043
404289
433566
475871
218080
97072
193394
327268
393989
111266
14257
452807
178722
19192
205722
228250
211539
50558
231661
487573
491747
44613
70734
73417
171138
471918
491026
500208
421110
55430
305056
396064
394222
11617
97081
382054
48560
463510
273482
139073
322266
50382
107153
114532
378898
378523
317932
423456
469117
356487
66290
235424
439845
119861
356672
215718
98846
62698
452436
63476
438286
464973
31724
33652
339923
456967
165379
268589
415290
381906
450720
402979
99660
46303
15273
250471
152595
308154
492144
175418
74955
372655
18610
257280
308706
81353
342780
462957
350315
350106
433387
455648
190016
460082
354446
284471
54899
480285
136106
445133
268459
219630
460390
232688
194236
287006
155617
94204
334143
411694
190678
123506
169077
97650
1846
266405
309270
35044
267440
476486
473140
8751
252104
31205
298913
138450
94436
3858
474653
154964
289653
188161
74187
139472
325540
462751
245568
262434
123749
197275
264785
407094
261249
127076
191571
197932
242182
155550
356133
199240
166870
477283
167619
190065
269548
155923
476314
470259
413207
31361
269277
113630
308531
466045
252330
70244
317845
280355
139095
136942
399832
384087
197030
429118
217869
462418
203077
486222
474316
417741
69353
431481
364750
482888
200945
454416
454349
183421
431205
332627
6669
25078
144013
474918
134736
162347
380467
93978
74892
353475
316247
79280
493065
300065
341533
111601
62990
408428
59993
38280
464934
372505
262383
385120
354420
262961
166095
241043
378023
186546
370809
364955
461672
470813
479875
499757
397210
87292
353980
426219
258287
372029
269783
18080
225045
336401
83862
45753
392210
301017
386229
325940
334533
395812
415929
452007
407694
448445
242161
435596
237604
51402
332001
76668
69464
50131
375297
49383
397329
254156
1365
82065
483314
322783
393810
111205
442532
169108
464679
271496
126423
245287
4399
321151
360185
32464
260380
235648
487856
385042
484494
197617
413830
31545
212006
441978
399102
374206
136767
143444
284276
251733
499194
324794
97109
347615
293305
161530
263636
401000
399792
492267
117602
95778
288905
445776
462292
29859
497482
265015
214102
376607
38066
499404
408430
202081
459297
415398
184687
361092
432465
149965
133618
85972
395994
476404
181481
298493
14707
118879
375133
59673
441933
189230
104356
105810
62925
236664
91805
159955
133040
300951
169630
326838
154517
459390
395316
34891
110366
496818
447944
438571
489727
318147
243706
431061
19699
33352
28674
400846
291927
313700
44854
332511
101464
495944
40979
377597
199190
392153
16138
226948
154929
51008
279287
369825
258936
390648
89883
264219
500198
244133
363109
69003
395273
108118
56283
341044
467523
388286
51373
121969
275915
367055
400744
59769
464976
363926
502787
249740
17536
163319
306831
202818
168828
379901
198191
282548
331052
370553
452623
174510
302392
42668
34229
298776
298201
27509
332211
332359
166267
324572
453319
40139
66065
350832
243139
339940
400064
59528
349376
201914
33574
138886
346833
56648
298795
359647
204801
207327
155650
264248
109762
342765
498500
455330
424021
394286
229996
477030
45745
416836
476164
177555
254122
354696
393109
85419
68273
226848
461551
415210
430434
497139
388993
45033
139362
422985
256178
418054
294524
128608
209206
24617
73229
105880
378682
390725
49001
250336
170463
137316
148713
35685
354942
343744
252707
305317
123693
35173
363247
218461
92124
462773
42711
80404
99431
473928
448550
476140
57300
214611
153910
6827
181329
458019
392069
421529
373336
98520
472918
293690
377879
279051
371743
432652
404480
87369
266362
278168
252384
362061
84154
305251
193538
14129
426631
440982
266814
425849
13804
418871
426617
405860
66108
389460
179105
161196
58097
31132
84354
454082
363300
116717
181890
220887
499621
185055
381438
207958
231753
401580
140714
92557
38778
498289
190845
6290
27002
143218
194614
20495
437952
149254
273321
487772
13031
301354
70201
483930
133910
31194
333645
251736
423419
451384
163067
230377
334146
489531
125965
25135
179775
358357
108753
304927
272323
194077
252327
328577
152888
384784
220429
89568
327719
222539
183047
227849
206622
143221
255934
123264
34113
411324
79843
238814
218971
44624
201026
422895
357127
34912
215909
443015
320955
437774
75485
129509
398013
9621
26751
389348
134593
472468
7018
29949
143986
469467
175370
139388
213748
16037
342282
430074
293978
228834
324431
198330
186560
267345
228740
420405
92679
57982
92114
439305
491095
223160
158924
330218
447464
445716
277289
173457
48285
340032
134606
439336
221255
186702
283892
355321
109571
226610
43170
74862
377758
474772
88436
389945
416611
457142
503756
488321
111852
216148
95726
492444
41212
83530
162342
319006
89073
170128
279169
83010
360811
16470
501194
254427
208115
62277
189959
117626
240096
148716
372501
462111
387845
325697
388509
77854
99700
481895
206891
282863
110532
234795
374241
406449
190884
344444
88218
197514
444172
254844
240598
463883
110539
34006
331229
249215
482529
79247
77330
373805
403992
429353
399508
377899
180013
166708
493553
202530
342848
409339
203847
217937
44451
434969
63782
58138
407890
438263
69698
481443
3143
350823
457403
357593
161939
462359
411066
33132
327784
186483
281891
263716
174736
404083
308681
263520
296130
459026
314702
216023
149455
288282
320292
5028
229842
368831
459306
231853
213230
346391
340619
45697
153934
345070
94753
250208
161529
284476
205124
497905
305144
483953
336959
184958
320946
34618
298644
225849
494121
11929
494693
315232
3272
19274
21159
208719
294192
350333
5832
41373
258694
369351
110056
231367
413806
72376
464779
40374
428283
427795
200763
424784
268686
257567
438598
348025
247762
130842
428379
137983
145118
292191
72969
485929
301964
9315
116020
499517
380435
153784
295526
62899
108790
439689
344463
272894
73634
257252
497493
416537
182923
122316
259186
26397
272877
493604
374971
472128
75167
375878
45493
73759
497956
490053
443711
416515
1892
465999
167666
256007
156699
39660
89460
65482
499554
382704
153016
95547
237768
132812
425852
39076
339115
256555
452854
87243
132648
309316
357256
218633
155385
198545
254917
279215
105891
160084
436470
373894
493660
416883
456997
12272
331729
251506
449679
185330
389582
354717
476315
492354
245737
152251
261916
71845
240653
281285
39411
42210
272430
321040
207515
480370
345223
209337
11764
325757
38218
155446
119622
21849
233545
30250
69148
55761
154706
504896
331201
92075
200651
73177
173581
451397
209620
7832
383620
456631
56780
313174
10307
235874
356955
406289
58839
447905
159260
422948
10518
15862
278773
236556
379001
272765
307386
129909
285404
299613
468497
463880
452819
338530
29524
433481
111117
370510
451068
264117
268160
393528
475282
217284
350478
279746
374045
96908
233272
393164
469757
157691
3246
264379
370989
384416
446817
326345
385654
457421
137579
199738
254878
487325
439836
26515
380329
414615
6645
164192
313296
429893
419207
478779
266555
372657
4667
370719
392097
155625
144856
316527
276966
355343
112845
465587
97802
474785
101187
466634
223502
357239
306006
133973
159441
112347
258669
427244
381568
307685
100566
28171
29064
192166
364595
376491
131478
495330
447371
199374
288191
101457
12235
297741
325499
310055
333609
203675
479232
122987
460943
129896
21874
159597
392094
448688
211769
466342
326684
173155
316190
417369
215422
403913
106188
140815
408589
321982
100412
314486
419819
313009
467705
337902
128367
35969
34234
327850
394461
103037
139567
181148
460404
17049
80258
71123
296982
356578
259609
115817
176901
28564
461097
66198
337152
111209
468545
228704
428091
452399
362906
396196
465594
16642
156105
395002
407036
81992
212291
83390
72301
464448
246607
289291
419068
393630
431762
504993
371299
455197
422461
174470
70134
476706
456069
298183
133450
200549
349212
388940
233932
240484
320030
330781
153802
400689
460277
340188
49668
239395
254847
132008
414543
430445
271258
258931
75474
384831
39620
342300
366295
76644
502477
337219
246705
144965
492121
149601
1009
148364
158432
316559
418467
363480
194040
164423
451739
122033
306443
176748
368965
47847
426405
18002
381442
200166
485432
336723
97429
418962
351495
428121
265787
304644
438615
210276
215677
19710
402478
434776
235702
227492
53363
52322
324159
132977
253183
172789
230940
75136
500694
408609
83363
322763
334347
295795
62077
272990
296379
390505
173185
263645
11508
271325
325678
136466
70614
21267
164825
419178
303635
352387
365806
465443
352451
52488
241135
482025
112341
452940
75221
495514
183349
152297
158329
419969
42008
503296
56560
362296
331063
39169
195482
311291
340113
334665
285452
373312
109817
129858
63764
378468
156038
442704
134666
253848
18333
448645
191215
483642
140227
69815
290254
57787
184116
482642
249665
20947
152116
346764
16928
27040
497334
233432
61001
380449
68303
305364
135112
258691
87636
253500
331785
221795
367827
124374
424980
438903
6012
236843
286567
228627
423786
239967
497067
503747
287551
372338
9696
390574
217597
381560
402043
472206
48106
377962
62568
478522
7337
336111
143999
229886
270751
174042
202676
395803
145770
470749
285147
444085
197220
205540
202932
217305
472633
81162
23680
69405
232997
454181
112342
235564
402269
281360
94345
427581
438119
273284
7555
490372
259978
347680
418109
447907
47328
64580
424104
56902
380006
463709
41602
244548
149908
170189
235241
50600
248442
476256
416321
401315
101945
394251
464764
90457
128067
322168
452881
500741
153538
227065
244364
217501
327591
196400
447851
79904
323645
262042
369020
325331
465699
393009
189819
478989
480030
321295
129381
91951
373880
379353
252403
382220
421067
324293
29552
383913
158096
369433
457118
231424
175120
129278
293369
394903
117423
242428
70548
205212
218579
328582
423400
259942
287775
405597
107834
496592
498577
272468
6674
53627
278823
52025
151853
232941
225919
219343
315027
359722
96470
55773
260749
128824
1065
390706
368164
53790
443638
302485
456986
108107
213717
84933
228926
82975
378070
475269
140143
126367
299200
38677
330211
464414
450655
203527
24956
276122
387666
496471
459769
409905
234427
158179
265454
374125
398416
62252
203182
373085
419675
307910
448259
385276
98653
368826
229986
221017
16556
442801
9636
222993
223224
419648
284631
327419
482721
112447
316887
489837
308012
456202
325138
466464
479988
429958
364342
396744
218641
8273
453552
248622
374928
320707
67433
61832
287478
129839
197715
450890
318070
318584
63445
186710
139307
247081
449974
317778
312906
493944
491867
113147
116432
79427
470461
7972
103051
306122
148421
309927
225860
150233
393657
158014
152110
30195
159365
399403
31115
203179
134610
188921
4322
385450
249206
82219
430435
251754
274053
193137
104107
367600
353787
126269
307887
400609
31223
386069
38168
65892
147541
240863
29665
264125
495264
297139
359825
231252
44325
167101
327236
125656
312479
34800
117122
140007
295001
283808
94769
470363
397287
438296
469514
357676
367983
412848
280190
456079
159423
76538
495723
197153
479418
281632
82474
390876
366412
94998
350509
41744
41617
335353
456350
235615
158018
22243
504690
279719
56320
30136
156456
144818
328987
308290
159126
316796
347161
433177
180639
386046
404754
33065
129682
426576
220874
383135
348366
367387
78197
278658
257562
155492
399552
123735
172733
162354
332156
436914
53757
281381
12941
229153
155088
347728
285788
75855
45101
111432
162068
209116
252295
22068
164107
57057
334211
495133
400499
409453
503995
250849
22460
458388
59255
429587
473258
379061
339139
282676
184283
309590
386304
118308
83822
78004
296082
275907
157711
312111
496341
234669
316812
46521
10742
402203
104729
432131
4536
330109
393214
445255
174267
84483
220181
43277
423951
432756
489470
364915
299584
298072
223625
295163
278275
111729
82014
231258
446486
71999
297135
291595
460102
292944
306133
474524
228767
122804
471053
456469
182197
166427
284828
125672
32918
489205
118699
96160
102298
228262
351765
76248
248548
461105
319865
217340
233959
8618
226085
89522
69378
310083
86031
477951
305525
233172
101685
274113
480614
239656
397911
368260
19368
74911
443663
74223
58136
381467
61508
318722
455286
273372
344988
169783
138309
378740
369738
391366
4747
179347
213786
169626
221143
393312
231407
235057
28449
376084
483092
97663
410506
236378
256977
23617
27202
22711
61383
371820
59960
397965
254941
117042
406345
94538
333461
288688
17635
488979
85928
504094
20821
120869
30438
210333
440116
303054
250628
227113
262462
12890
160680
44430
350938
369926
503901
254618
97292
396352
496254
199218
503443
84150
20703
243191
29610
364103
39031
325400
17599
15095
225330
26002
106508
289340
295572
155836
262647
79872
393163
268154
477915
491995
167866
72845
94905
271889
174066
85061
276210
366662
102816
305728
128020
237435
391666
166281
143479
429827
351778
475816
171057
179220
406515
422661
499949
462675
313215
360281
490469
178875
391415
428811
419072
370962
456851
40949
378550
248072
141701
233918
12000
216132
91670
899
483017
65089
301956
37183
489477
339683
497439
315694
299141
501215
155312
185911
68916
83643
364360
461011
318395
167220
207878
449086
158088
203259
360307
233160
133697
354074
466123
270710
129363
433373
190353
13326
179808
287448
272982
315701
188764
487531
276062
126715
45428
404070
81817
208401
189832
159783
434091
264404
181174
487270
416390
396277
194482
442348
148221
376538
158589
144976
11559
210468
149049
34218
246475
295005
84413
333646
65201
436520
310516
241121
93475
411557
83500
257589
268845
330362
1442
170027
296548
207741
229856
239
385134
383596
168057
3205
170029
104283
269989
378583
293713
396301
39062
281127
327279
382361
199041
484598
156269
286098
375932
124953
290096
211518
74000
399499
94869
405881
402808
316252
492785
316353
225982
45232
107988
317064
299862
360981
283065
94876
178686
308340
457304
180997
170867
467168
157966
182104
221170
422339
484879
50467
179708
