149636
39553
446248
356191
108622
504308
198822
473170
451952
114506
90534
420160
434805
415421
128538
332945
359404
72496
492188
312497
206717
155110
224448
186172
110548
55791
493702
207037
493019
140954
99891
110790
456359
475690
340768
79181
394051
314201
420990
412871
285499
38296
189022
349798
318915
431503
110968
187955
231231
197144
448402
407449
94910
350956
267922
69872
361824
205837
257062
349696
346209
101371
150055
280463
50798
460266
67633
442838
398506
48140
51893
429285
466725
208543
359729
243575
312364
61130
454070
389966
407369
127490
105069
350961
375014
20886
341354
246892
218448
226503
308649
358659
143486
205801
171721
201173
115971
371898
437873
314136
238327
337759
186940
245469
401108
391175
108795
480138
148013
440873
328555
176761
38178
18998
177010
270441
193218
174280
289373
462892
130012
392922
478571
108572
333856
261715
245020
116255
61175
354864
471481
119878
387440
115592
121073
223470
34326
103421
335427
345347
430620
445421
225523
1595
346146
34645
29068
356809
287111
406103
293256
367995
478913
498082
90665
78614
294577
364597
484397
322687
459167
56196
465946
484489
352278
391697
21576
142237
333278
255932
77582
487894
321515
162051
120445
90748
395963
21750
386352
228988
13986
307429
396190
150215
182840
503596
169097
335653
71304
346769
437296
29572
100117
259355
276693
103873
68603
263256
106165
401773
262711
50692
160849
224222
262427
227058
29358
211449
225905
28897
146477
170721
172612
66033
33626
385397
343107
413705
361830
111826
40261
91553
443047
91970
160676
92144
363122
213782
250008
372314
485336
255430
153869
100115
442029
71657
423384
238672
126368
219723
120229
473017
467825
154886
422177
235134
316452
255482
482490
77980
497492
162029
336731
342088
114651
388024
182591
166732
38020
232874
85163
208584
469425
420987
238391
483870
64230
12844
263866
307
262403
344951
70255
252074
68959
246155
292342
270900
33544
327899
32258
287141
28907
202925
148564
320438
100789
317068
113636
293403
154988
391237
442889
3802
86452
235184
432584
258004
217497
115080
48612
353103
223230
402470
479515
258870
352607
25006
67302
55643
205522
246350
206516
16722
232284
486707
96465
379437
474302
59112
52659
362677
305124
257676
175202
17115
142580
136596
404829
258028
437070
142610
426541
183265
41812
296314
470156
223847
487692
27527
18195
359164
384981
343090
308947
443441
259371
44667
229872
211150
271350
153384
230039
452325
132268
372970
279501
115877
324574
427534
230535
175804
385803
269371
283616
269815
90227
36114
23838
249715
213390
453329
26651
247115
96862
489057
404420
46208
109728
210745
494348
84041
168889
411841
144399
102245
245223
447380
94927
110250
351741
115769
178841
122679
92252
418721
449375
89435
165322
437688
375059
417466
99373
398075
338576
207935
171718
183635
60690
158300
39871
205922
149434
269359
244190
241050
38541
286171
164706
200244
480329
201803
19488
425531
146089
38491
56620
450693
412924
459326
290516
352224
186002
413645
165715
428225
223756
334160
456375
424115
195656
81276
394227
411592
295376
466640
353495
282549
118616
342471
224142
443994
309632
372077
186725
261729
282598
359055
257324
392951
456184
184360
363075
262092
114495
293585
13441
457595
244779
335468
200082
275301
41527
80674
332327
106569
103281
344167
247804
199111
461723
264022
362665
235975
352080
6235
196234
455135
145234
10803
258665
240651
364010
124199
345118
90545
427501
357008
267570
140940
204708
297174
231270
304319
173750
387579
276415
113763
417946
271765
273672
62843
18312
145143
356719
279245
421722
465074
21711
226725
177496
282526
361608
291639
116671
76700
174076
480412
274866
129857
149850
260310
437977
84821
439698
52252
290873
445178
358963
288290
17594
299461
109352
181627
293955
5584
304043
166952
181994
81052
19542
445179
221383
312542
103211
176923
494463
216309
107470
366247
178703
395644
294509
165424
70458
455295
162957
421766
134668
193341
418925
176797
33550
166006
272781
452300
67281
471308
360864
289924
462955
153169
59316
75590
36739
415412
322440
246106
178822
155357
449812
229020
1396
54711
266540
293761
372935
65873
431649
232881
367949
121403
31114
143932
240665
250547
446521
102953
293835
474593
231584
443978
245195
452536
343426
17739
332184
442795
178246
2172
28962
450880
33209
229130
279383
174852
356449
406669
400305
121072
257882
239637
377129
111193
501185
360220
226488
204229
504460
286160
103319
200871
347542
366393
103411
247073
146828
312522
120782
26652
60897
361169
62406
337013
112530
409066
436897
285329
135689
62771
85131
433402
288136
76313
43299
157726
47984
141330
321713
76881
404440
488482
216702
11506
81033
406585
201006
398401
366746
345906
372546
360973
206022
84915
184317
361291
219908
365353
401055
451933
469219
409577
51934
185023
340023
407037
155366
83549
402275
403847
451005
410963
270650
471063
400354
40518
281712
173600
183984
426546
9311
255723
114349
448564
317146
37079
345222
64757
22040
415558
17631
239678
467502
33906
386295
473580
388826
65466
142908
261520
108626
21389
115224
123968
277311
77964
290628
417697
453134
437583
88817
439214
108322
232294
153839
250219
245346
9568
84122
46727
117053
330710
312247
430429
376744
475493
233034
361857
423179
297162
276041
430949
325537
469562
423235
212271
481573
267668
65354
362632
363611
308
487320
497761
67925
399800
345266
166647
302792
72398
380279
78472
9641
440671
475756
495291
328661
364262
246805
470441
450856
296151
251013
71359
194652
332874
7230
414991
366269
106152
132072
401195
25352
84211
445839
351798
314175
59859
152318
480534
389971
422557
235324
176380
327881
300448
326207
235056
108996
136794
268688
363383
110094
207718
196637
360559
142515
147019
174953
240595
324894
324005
166877
420793
504758
463843
258378
19547
174512
30655
52759
308052
348194
253159
404554
492320
468246
180314
271668
153209
437530
420472
190024
162063
236475
437322
3433
81626
156884
455622
308755
500211
164877
498185
489730
47312
133174
364747
56189
459500
269155
230667
324011
230095
422385
144470
262335
122571
357220
13592
485985
108581
215290
283112
70948
168457
99895
48112
271357
392404
364325
312811
181820
341517
162196
15709
1611
256602
265006
60510
497695
130759
268896
400109
498551
220937
72057
288532
81121
169698
334125
333212
137091
283009
449642
34779
61798
260694
399094
174741
153816
105731
95327
449962
269963
138069
43592
286901
105592
453051
339188
58049
25203
149540
5649
110345
399134
112989
276295
464428
34867
95797
315214
468062
270071
17002
77917
239500
204545
168274
75378
205603
229055
434114
470706
248308
465106
236689
462333
267074
164058
398418
149886
103688
72946
47919
86591
321164
491116
254589
21279
121351
16338
394216
166106
192088
462355
384591
209201
252405
103600
373064
347383
232687
33075
252210
465276
484672
481382
331860
405545
468846
167923
85130
130965
315421
195106
420655
386693
66432
276863
229427
362700
1134
193231
143290
149673
299347
424191
500974
14411
127902
445399
499732
454937
113051
403715
282967
156824
368488
26162
295590
458915
35635
98385
39343
499438
355911
103709
455102
392938
381088
382095
45880
352469
36648
160807
344622
16522
343950
345874
241373
249840
435830
22531
310
399419
251381
122559
368330
211544
48789
158046
324651
89317
77563
168750
998
175519
449432
433758
350926
407842
358172
90166
153700
312274
101901
476754
187778
313950
373295
422705
49197
95828
484868
455382
416368
132481
218214
398812
73329
287012
174988
123466
270056
211017
21386
190380
41577
390101
260171
273866
430936
263233
196324
377493
384916
301846
137904
40875
3295
384841
40435
469947
227715
161934
255948
287376
290883
27059
104488
91925
267720
429917
308898
307568
383603
204823
192664
64688
128368
486763
481867
221286
9710
103459
111135
424667
326541
430663
179000
355868
392838
347203
425260
276626
379527
379137
185250
177500
491306
260882
271976
251728
148279
282982
344202
28980
131336
449064
142415
224950
74737
33091
311800
503168
228785
266849
436227
33975
376073
155113
194094
415811
318387
291728
447555
382936
130914
331668
340923
392915
120103
258208
88830
299499
493444
61746
182441
299520
290871
319010
307278
195971
492325
238366
72941
159626
27140
103741
9146
316917
7383
216084
155189
487112
344815
139033
496389
202601
354209
277735
292925
378062
36218
290587
122006
217918
46544
237992
421129
222778
459904
153275
13034
350412
298460
127017
400741
92281
375982
112467
390065
261575
34011
446149
20189
186051
302259
302120
233759
21552
52862
299284
175738
21338
356740
313019
248157
40927
457603
277613
300395
82951
224318
486568
39338
450566
430209
445662
79592
105075
46177
97712
118245
17722
212435
489872
160078
315486
348375
103481
135553
241813
437427
204298
72660
268010
251011
497676
285502
230645
13195
388103
212910
267265
280817
252786
413610
459706
481621
321528
189626
177211
124867
260711
241007
332474
9131
7910
289359
61810
213018
119587
338323
363770
415968
17047
503121
258764
139413
269179
340686
256471
197588
374141
426298
274935
494563
201252
234198
381423
390636
450717
451815
480635
244668
14899
402301
89054
256139
479748
310949
396407
190626
363207
168653
111034
466222
86163
482939
54015
246583
336396
122891
37428
156957
450412
59885
462192
159734
456840
287548
175643
179858
360895
465312
204681
370509
264774
436886
32079
40986
29150
217533
217416
402740
326571
443803
383741
412889
240061
454166
46767
320068
306978
249769
208949
192966
237798
485260
182356
262064
20781
85278
183990
34674
496810
293641
277340
63393
330302
461952
239028
490776
444247
453378
359141
497429
379546
54959
254078
41968
324295
490817
108129
71167
256124
460435
475941
109519
485689
218066
425082
213113
31565
272470
236118
99815
365647
247041
333133
495817
252171
294076
450342
35580
72441
40211
389395
313093
265742
443804
222533
105971
170415
244891
354783
374978
298686
209800
502770
354919
155715
265052
196516
291095
89064
8767
172093
29697
397879
27508
48830
89408
31325
496881
106741
314585
92035
479300
466977
402800
118206
390266
25936
148323
330642
485785
346926
362755
267126
2736
491847
259974
409970
367508
483894
231766
450830
423873
10485
231181
18558
150950
312422
116274
164804
283272
459350
231873
16891
479423
96540
120081
363265
2923
721
384390
477975
291272
376755
255348
390074
433529
387989
215861
251262
383669
364105
325584
200404
382747
33529
16116
237656
81741
175067
24980
424619
467839
70864
232604
34554
382830
501953
434878
178102
144430
469000
163920
174333
4668
310874
427359
94606
10581
53535
23294
439269
209584
117546
291330
58126
286623
466717
375845
174324
122276
285071
157163
285110
207332
269518
373371
197518
190760
197355
209635
338101
81399
490943
483862
230195
12304
232388
28
30467
33025
402361
428594
421749
324597
233136
311585
72929
118524
13464
21538
466271
490328
342329
307601
42161
59348
500920
43499
436915
301949
242672
118436
172619
255892
271446
70388
353857
81372
21779
285633
489216
24030
78670
65077
10395
132013
434714
298890
14897
491369
482189
220954
270541
197686
302212
16967
408325
292905
502902
234052
480851
170040
62963
49709
257323
239451
55507
429281
147107
320638
471040
428226
480961
503048
500668
79430
42097
44412
51088
170573
337581
370647
163363
475702
472205
134124
475144
25479
457721
50018
63335
6495
149402
239171
178342
201921
233897
454142
33714
15925
186852
214035
6539
83927
167325
386456
394744
458510
314123
501899
375983
236856
294862
6817
438242
232557
68510
59588
424143
382598
440180
258270
40393
164139
312761
222817
315377
219291
330588
294450
413887
424195
259209
370777
457615
383150
326110
486876
427483
338396
489160
142350
86763
354033
474008
106310
320844
329436
151954
393430
82594
112477
85223
344850
498426
489713
223626
358449
291238
115226
266974
498640
483271
423189
423535
4772
171423
457305
293606
146097
456604
187120
286517
280741
251734
438266
210917
91915
94227
99601
303360
348107
350753
252751
504635
424930
65353
429496
436795
154297
151707
378679
159429
280510
4165
287795
280290
164141
8202
271405
131247
413671
478059
383053
220707
361642
150516
386059
17759
99852
207733
445418
488637
233895
449286
411184
494695
40716
291563
426589
401428
61760
448015
235529
41227
30889
54242
268972
481380
472874
171089
338743
72156
495698
236761
371718
404301
414554
164361
368615
174696
374734
111186
301792
145632
349419
299247
96111
325462
157330
150623
89730
482769
469655
418604
462905
171558
445610
41974
24895
265257
23349
259559
116932
295856
767
329830
126056
241823
39294
119847
27028
313152
130256
358661
108215
435079
36886
49118
420532
236322
415650
440055
341335
39714
111189
319748
237477
339417
390397
366217
190122
127238
211050
195179
308722
435690
383921
66648
9582
325919
48959
128602
157644
426426
430733
216693
379891
101000
268802
31398
347588
259456
208495
368084
277603
155529
52133
380231
33093
314985
138430
455257
410505
105015
106941
325092
403679
80772
148817
497409
29745
147392
428237
63337
443954
181382
88718
437928
442040
204126
287086
182096
489605
339378
149691
128577
162323
114337
240980
235890
289161
296528
344679
288052
180556
281276
473204
54988
102256
481129
339266
442413
183338
19499
338847
428276
277804
190187
394439
309872
249512
76703
335180
431432
36441
50750
196936
29805
451077
85872
321052
8195
155235
374700
473789
32867
129786
102641
52882
287269
57646
232943
199320
298842
83469
177327
434684
325923
428236
39273
30811
267501
138070
175662
301053
136604
18009
254858
449242
136112
227709
130651
369941
311628
79030
106159
198993
16827
321493
114609
135227
150568
466949
35917
127696
142850
314245
227984
11692
362548
168814
30098
50201
348213
466145
243127
137387
298182
61032
42324
433772
134506
455637
44891
428497
430023
186464
65707
124216
