-0.3155517610207459
30.053266113340776
-15.539261722057562
-1.6742404795651709
-2.1514156696037636
-1.889941740783729
-2.8954773320408407
-0.1498980689691473
-0.11018714303730404
0.9496788696284768
-7.203933000275405
-0.876528002581094
-0.20455158762922798
-0.7263846815499485
-0.8642745098962535
0.0004529901616468282
0.014082187034488117
-0.42328742501098304
43.22521209627203
-57.76672629930937
10.168584128566126
-4.045481617872234
2.2616312497733486
-8.382987222788238
4.073579956148539
-0.6570226989681922
1.7757359708609375
-0.009617736679959465
0.4419123943178014
0.2201868884697018
0.22332729296349418
-0.039925694284085544
-0.05515197410785028
0.1253557835202627
0.12781493734416918
-0.1616799596064934
-0.049204035069928875
0.011727968142762203
-0.021828808593936634
-0.005315240325965691
0.016608176193940852
-0.027516323489530085
-0.003910606142523525
-0.012021523469015069
-0.04979180859686205
0.012426579087129283
0.08907846108565365
8.466913341923089
5.465063847493006
17.140563446932887
-1.5092688423672356
1.3673663255668096
0.19974264244603157
0.7308706131312452
1.9724062745451514
-0.14286623253604736
-1.7557652955618968
0.15793383302414676
-0.22196705576751777
-0.19211148780774595
0.3314549148334539
0.4488229109210772
0.07737182224236736
-0.021354534879120896
-0.15926155238831136
-1.281497001826698e-5
0.04589462534343318
-0.01863881283219185
0.03643712810557991
0.01750726644063365
-0.05478569153281284
-0.0014384388309917132
0.021122549529490924
-0.007584211508968847
-0.05748361720439557
0.032524831887683237
0.002431264428581409
-7.016846580635033
-8.036387723994894
12.87394245025381
-2.535647601559979
-0.5000753604786894
-0.9960304462028753
-0.373845889237451
-1.9139638397510264
0.8262393652586046
0.22138308271261603
0.16112326940633054
-0.00013733190461678868
-0.08611535220075917
0.19674031424068372
0.2816089156377024
0.01484807331936594
-0.024311411627312693
0.014016988259290597
0.04290672060190197
0.05779589382706542
-0.001079481074200096
-0.019798611766167776
-0.024497286470638823
0.05737391938656271
0.0623572524416336
-0.010164800480484765
0.004063447001092475
0.0033505165406421816
-0.020283798593280646
0.00751187362453873
-3.030852748608062
-101.27440255657862
79.11144990693708
31.953279447064304
-0.9427902959396337
6.4567035089653535
-1.7298765805105583
-1.568619320702795
-0.09174729525347858
0.29973022375884617
0.09870878100513586
-0.17551630437107346
-2.7148437316340535e-5
0.004370339518074841
0.00028983282940338306
0.01126541797894591
5.131832810264612
1.6808952036748934
2.8975073390733996
8.371831363679185
-1.48506040307884
0.2746030917700902
0.5439936731370666
-0.0478719798392884
0.006885219458295039
0.019149577766992484
0.08214651421808265
-0.04402529854353485
-0.002015028819416006
0.001524627440346116
-0.003400636708236692
-0.03115428443522514
-4.490938269065492
6.795845784639618
-3.2376217082949252
3.7007328474856624
0.47410579309709355
-0.07887109817848023
0.4363103475072925
-0.10872321282090569
0.023826570209025507
-0.02293748527217221
-0.049656572636089844
0.0539471180523593
-0.0031532206936822622
0.0013890467790168399
-0.0024496728357078328
0.002545544604847544
3.582235231959055
7.545513008124469
-7.6381358219973725
-0.6935891573071717
0.09207754864292203
0.4882562873194939
0.8003863061383574
0.7490555519454682
0.0046836273921316215
0.0011076197368158104
-0.008079665072464751
0.002384953622297077
-0.004367301279454174
0.0037604350724060663
0.010601905917478938
-0.0035305689136424494
-6.534693377327116
76.28425796558454
-37.97055172111786
1.0251655542324167
0.519806158813986
-2.899020153003855
0.5028683598524781
-0.46777595209988576
-0.21079254884078313
0.04079434467465082
-0.02633004431128777
-0.05823694808793525
-6.677831153344712
12.315830675870373
-0.8033902214462536
1.931748829586157
-0.6801618814844778
-0.0005248818749814532
-0.07572773686120253
-0.6903540595511424
-0.25741140517261174
-0.05515563014329648
0.015976236809745942
0.06730856476177441
3.8474070477505897
5.704187790595618
-2.402531322775463
0.5460034889616816
-2.749313951618599
-0.3508804032595205
-0.18209202717967432
0.1454094562196908
-0.3066895178142588
0.01510471264070179
0.02613406835863457
-0.006038877314714933
-24.767140672474028
-3.8626243049613906
0.9294899635131921
0.24604792300069267
-0.5810830839634669
0.015150574926170113
0.0018202475033164411
-4.730854719884164
-0.8202453594941348
-0.05721681318355465
0.12652236736307532
1.034962075124068
-0.00822260286781984
0.07808980143207889
7.003501522538638
-0.29451977983992017
0.9051804390817004
0.06354977020050079
-0.4156730907160955
-0.037328322072635846
-0.12829618988365926
5.185671187869273
-0.6864529296481594
-0.0320689269656218
-2.2897497702527527
-0.30912958991332184
0.10577770733394556
-0.4379357342061865
0.06909069598071071
-0.03109778137724295
0.24344085864300946
-1.3359185406774576
-0.1359101617345757
-0.11500333658231943
0.1013423274314385
0.04611534663305622
0.10581828161084983
-0.1257453248914694
0.07640628116662285
0.04011683832252433
0.08987864930348358
-0.02032676362300362
0.08876863102911708
0.24343099648605693
0.1793872678813549
0.017345596620925295
-0.024556808752923653
-0.01373094131456813
0.5427945245355863
0.057748923096169136
-0.1424382223227293
0.05556065046754377
-0.04621701663885268
-0.13180243762459304
-0.020682821660937545
-0.006010927974176969
0.078597874442343
0.09875287403584711
0.06241939892260344
-0.020564962796955466
3.847540805252059
-24.14440699816055
-28.499000934351294
-1.2326423489000886
0.560118283251632
-0.1443091682337102
-0.06351649819512573
0.05270310393096156
0.30050602713510255
0.035055840133100535
-0.018692534911379677
0.003572912101849339
1.8847130889220427
-3.2193259132397127
0.2236352488676625
0.46083807110727404
0.6652869522325869
-0.5862124630002299
0.024347306504271304
-0.0552144612104567
0.20102061460971932
0.014903936195088365
-0.016382872464488007
-0.08678309330372401
-3.4594072428097746
-0.27806140838123916
-2.7842300167672676
0.5765609477871538
-0.3236632619394859
-0.07270640776765036
-0.27752562920025264
-1.8626711226778436
-0.028723047812659497
-0.4403125891749635
-0.09394214016270364
-0.11115204533740336
0.008313438796400929
-0.06388933724397484
2.4414855776472164
0.08520370307000813
-0.07842461198208933
-0.45049380514153736
-0.13606148461265472
0.04874095890622848
0.08877799382981023
-0.019021727699625457
-0.3868864253191576
-0.01166767184223735
0.00042955486416292044
-0.0006416969952464657
0.01817561560321329
-0.22210569077543657
-0.38300072875582847
-0.015800458104913147
-0.003365921988220834
0.014777541351329249
0.1520189284766098
-0.011717071680478947
0.09710965643874189
0.1685844254611196
0.010546337329645408
0.058227800078861525
0.034765191763197534
-0.012265968498531565
0.1770908406844553
-1.838030171622563
-0.3985013064032793
-0.4098284001009941
-0.05820874102558693
0.2888020946020392
-0.05568052071512493
0.0070403815886968535
0.02605315076692003
0.00271942599904602
0.0033717441468354295
0.012339427170241283
0.4981350408958005
0.010879586678753439
-0.20082060368563537
-0.0386377590901861
0.016198752022273222
0.0016760502111143275
0.027275936414281075
0.6597133104224899
0.05737438641524098
-0.016159007786640044
0.007525141368986906
-0.08386179328839499
-0.06808394569133344
0.005679466349511633
0.0007597363539731893
-0.005711386208218587
0.003881623176387815
0.0019996505311827423
0.008344065952817177
-0.002609895714302604
2.0987560047282656
-13.660492036620283
6.538793192845198
-6.493870342035724
-0.2424109639279995
0.026103271309681375
0.15721107470104378
0.03686566551503745
-0.011483695871236321
-0.01722079856654435
-0.00988416908000489
0.02627569090957871
2.4663160955151824
-2.3015088329446236
0.7168276707198658
-3.610981267875971
-0.30766442571842756
0.21467145921494613
0.40825126229186237
-0.5625529992915155
0.008518910988154577
-0.0034833066346050823
-0.009955188181360763
0.06077825650512339
-1.1626390877272215
-0.09294830795752773
12.042524077333276
-9.307886463802937
-0.14224808193122765
-0.10582440128899595
-0.31378922166234613
0.00114066898458276
-0.019674760087948467
-0.038857707460471014
0.03231731364106416
-0.06351894993903648
-0.3143735411932598
-2.186265058711612
-0.10121486902531629
0.5748177639609704
-0.07530315958407408
0.5996391840384021
-0.017927813666252623
-0.022687183881966888
0.014788515612998487
0.006228024280193201
-0.0953880508127285
-0.03671644937403776
7.784725990149996
0.562457361941501
-0.34665398534439484
0.03416174681015326
-0.13525097691007915
1.230504950715094
0.007498468357728605
-0.04032621916942425
-0.030730936892222616
0.01559330920487323
1.6026366578379534
0.27716191754983766
0.28591138111725023
-0.014165759064659833
0.05245741431868067
-3.4366076689870937
0.013675106023461003
-0.34669927842136516
0.0049286944812603865
-0.0375508758190366
-0.5690830632677302
0.01987122606392369
-0.1668540965702201
0.031625764166547776
0.4752197035644605
-0.04161835269675812
0.07264465087542238
0.006058956562508044
0.03079524556639124
0.05760068767320813
0.03805103543078059
-0.007249708551463729
0.021226338688253688
0.10666130384062145
0.022931477079273344
-0.027595908698746507
0.05835253269909657
0.014410667773076646
0.03519063286647421
-0.07469832866868176
-1.1628737551187385
-0.31269067043409393
-2.090874795079351
-3.1849261861041995
0.1684664611460272
0.17653962133575218
0.2338274239422966
0.30106657990828367
0.02194364075298527
0.0033418984957495623
-0.0014825890818559173
0.05227135230783464
-0.3144054812410726
6.156566257350207
1.4581386885636647
6.707724974771072
-0.13125842782156483
-0.11117784746139536
0.6272579115162128
-0.08291312226501457
0.010223549814327104
0.011551867338444665
-0.00019949981438951991
0.016081904745930187
-0.2433798200287276
1.7038725049214616
0.5845549387682993
-1.6585023091140751
-0.08223401665653352
-0.31156564121490327
0.16117693782655707
0.41966997473846446
-0.01753718573470163
-0.01858928592131931
0.06989009491468608
0.051152734142188516
1.5978641753500824
0.07135066401836898
-0.3583781554218861
0.05807881926881375
0.12267468461609687
1.3104457880180522
-0.019215882983312227
0.3746754452328078
0.026263831294176865
-0.09237512917579416
-0.008653381450631104
0.02635420651674053
-0.022929796925482915
-0.003505988391032405
0.01228995884586953
-0.16344229787593845
-0.04865962166696364
-0.31770735467155675
0.01518479523823435
0.09685892535550328
-0.021349940629215122
-0.051433039781942816
-0.09144510966235304
-0.025061228210366604
0.0461745090621897
0.04319773054030129
-0.044073015329453215
0.010247325125737276
0.013242435906600908
-0.0048954808265063154
-0.24335971916466229
-0.5465965284785725
0.4754122216880564
-1.5468954821791003
0.03353030112684344
-0.0023527449166319348
-0.09312924966629958
0.006037321817771078
-0.0131050955167851
0.005919441694164936
0.012910780785379897
-0.00943158270338865
-0.03382455986728934
-0.1112477336408563
0.05604944356559027
0.39269178366122115
0.03284953868121585
0.041622729783378734
-0.03057002346573813
-0.06233795783073938
0.0037645320882470183
0.005222094731489083
-0.006991523480187773
-0.015872469186596218
-0.00864246478501518
0.02779171826218349
-0.009202242726184057
0.004753338903836914
-0.03157643305156069
-0.24002000441410737
0.004505385918966924
0.0047478905825422135
-0.005732945954309247
0.0020219106880315237
-0.04176076108830123
0.015335796497253308
-0.043262909165276885
-0.0027274303449534402
-0.011648452733485939
-0.011960708921177308
0.0075706348254135705
0.010374794139206514
0.0006278943634073575
-0.018896764868835573
-0.1869897037798211
0.9494653151148537
-7.204259995868956
-0.8765867165337603
-0.2047300819522827
-0.7269780996169161
-0.8643813587299168
0.0005102405415751687
0.013974464223626502
-2.8360285020039453
-0.9183052008195899
-0.5170479201802175
0.42591262845521904
-0.46647548311301146
-0.30715785678357493
0.24605615746528528
0.33070191912485347
7.0589554846498
-6.297073907874555
2.606340276634514
-0.03699235791682298
-0.018345247161070333
1.3683207143977567
1.053555298746042
1.466472073032671
-0.2779752545313434
-0.35720477628764746
0.1316600833155125
0.032037890475226816
0.027423258756703428
-0.04245512151427616
-0.01947554400307777
0.008389705694720265
0.0011340851645656874
-0.10218012371631757
-0.05713569488047664
-0.06020709978353167
-0.009521876532654048
0.030751734761019472
0.033843607538872486
-0.052943869042662836
-0.0371993388890398
-0.009397083732799537
-0.042256167260608386
0.006511451784964317
0.03993668982288001
0.009343098501024199
14.098687872308595
8.106407484698078
-6.553756927996433
0.19312125226586296
2.7693686052752113
1.3483228344371945
0.3939047252085117
1.90610918969797
-0.4806647899419234
-0.5343191763423962
0.18756256317505737
-0.49559687310306244
-0.9487161606985204
-0.18808737408802417
-0.04550449508081278
-0.2021024169165215
0.09261685572292044
-0.04254302315883418
-0.27267131727394045
-0.1291182636200658
0.007048288697299256
0.012659940802261432
0.027872271389486836
-0.05032325053409866
-0.08477058154635878
0.008389837921779622
-0.007590954115526752
0.04910542095630707
0.028492609520504565
-0.038647839598134774
-8.060199353519177
4.454497022329637
9.65789438118663
-0.31111975534337377
-0.75396004137116
-0.04555560030787831
0.0030928965267777997
1.374158173788616
-0.0780199117402991
-0.9707895932510013
0.2578770578768781
-0.6896327335168511
-0.7884306593852846
0.8477135178367449
1.022876378338345
-0.2241949234757713
0.1324779123673892
0.13272321376317336
-0.22530021988435733
-0.37729529131217276
0.029084614074149116
-0.0727979082373102
-0.1337720283075239
0.22530806881694515
0.28526287842151976
0.01084386635482553
0.04177048047564702
-0.030509551605466617
-0.0668932216142232
0.026802650498222447
2.0484774631274654
5.728827897991874
-4.849685365316834
0.6737688371032666
-0.022329359816660288
0.28498061256833074
-0.4126512284033559
-0.5516696652303779
0.0019657760154859136
0.05318583463911164
0.019420703861188687
-0.03565544696975012
0.00014503985735329905
-0.0029721255945524758
-0.0025839292093482492
-0.013589246407940014
-12.18820546938587
-0.6429226915801234
4.326388014361207
2.3690412000220977
-0.7842295154188941
-0.20908413935695414
-0.35578851295238234
0.05538564787074046
0.0035052437802849667
-0.01168739987574851
-0.025545806408790186
-0.09732323384921251
0.0062992557828796085
-0.0009345629178530886
0.0031015066490852894
-0.00904889929623292
-2.5576395795723137
-3.363204405710178
6.892430017380967
1.4505087591266808
-0.08028961747669594
0.007164753961296455
-0.4275216181114918
0.10628858252155748
0.00973901945154218
-0.0038972208942703868
-0.021309215148463567
0.048671665623637145
0.019749946196644153
-0.0029772423175565103
-0.004820290860146251
-0.008544056199720769
6.638217228846014
-6.469214132300078
-5.560183169643918
1.3923460263705953
0.04426375123731613
0.3900002669077881
-0.6579639522110371
-0.07905114219607928
0.004374220002206948
-0.06671534789229955
-0.024145319706152163
0.1410314365698855
0.004830892229660608
-0.0019185756978801378
0.01232180112928591
-0.002481629900390671
-0.7482009103442049
-3.6642442044235333
0.3461233857181578
-0.2959513237907737
-0.14252674995968984
-0.01863062758461309
-0.028263390200354954
-0.07644342423680317
-0.03880516203794282
-0.0028722320088480913
0.006514450121587398
0.02276732705862109
3.4976352526536445
1.392678979526095
2.5814496804162026
0.61428229156853
-0.05212387196452761
-0.42594483164660646
0.031161123585799477
0.03907758378650955
-0.07167474641687943
-0.019032594110757098
-0.0021492079494475347
0.01636710304221356
2.9398366207731748
-2.408159595080832
-3.8760157304797183
-0.579268548110258
0.1842242310117408
0.7232342120477648
-0.06013620949287876
-0.28849458278503315
0.02046704562333468
0.033709483414341906
-0.03513322962164275
0.019420121993103667
0.5171574067777396
-0.3738381192551141
0.57813499891297
0.08672625784927313
0.17881443983609902
-0.003273622908497281
-0.013404583579425916
-0.773489884215607
-0.12229726286782971
-0.4607247190095739
0.010363935315486572
0.3895253064758592
-0.007237968516208481
-0.028244027338699337
1.003005796781105
0.5110553132409289
0.3956844562248502
-0.02363849330012907
0.5633838656338439
-0.024800148064625015
-0.0008239457058213037
0.10914676190182163
-0.013225870305150156
-0.024880035614555044
-0.4698635020771452
0.02671712409258456
0.028452290206077487
0.1772043244013976
-0.06292016992270313
-0.024980644732337527
-0.005486338316330407
-0.08727584817701697
0.014304748935570696
-0.010307918303891953
-0.0012071875784871906
-0.004082918614797893
0.12330398554646818
-0.05403341743195784
0.005274505719788325
-0.01695174421311415
0.00597341854217413
0.03619255216145929
0.025580108470094093
0.029044777881132737
-0.04253034250651572
-0.0013275638550287452
0.001582323399776115
-0.02354184127810619
0.07746698816320026
0.015328739412690053
-0.032000979916168765
-0.0016768101416974879
-0.0012832016643815058
-0.042902696895228604
-0.04115286460206802
0.006449240897190954
-0.05349114722923884
0.022131548709467833
-0.0088609498740767
0.021551980320782347
2.939745348383288
-9.364633220418643
-13.476757432171926
0.4367579025470499
0.48846654987854454
-0.2253701513585944
-0.1635762955624563
0.10947953775888743
0.2872285576137747
-0.03707934746491301
0.01800678105601429
-0.007528903759346756
-1.8261731609445588
2.2771096166684064
2.8509021162109933
-0.08196754528287079
-0.09730429453139777
-0.33016850071682735
0.13224799142438
0.2916650667694825
-0.13478777310873458
8.352509764241595e-5
0.03539876683464125
-0.02250971407404872
-2.853893808354284
1.209323437927555
1.9840764934812578
-0.06236800110303031
1.302191545318044
0.032645380408301186
-0.01261321301323301
0.5549959970990068
0.46214627563638455
0.029420167611368897
0.051727312439788065
0.2719644826137576
-0.03857647669473367
-0.07056800500955224
-0.4394410731317583
0.17449645907477856
0.1023809168779719
1.1057437900632419
0.028149568218949428
-0.026147221948467275
0.025575376572281816
-0.29597946648356416
0.007008193750882907
0.02409638419651041
0.007316262785678925
-0.0260430908139479
-0.06915941066533027
-0.11400672875434806
0.20186797142491747
-0.03062039844886958
0.027278208921096392
0.040065714021360985
-0.06283792830011004
0.026531986849946156
0.05929018093853616
-0.11168343440810305
0.004900457530410036
-0.010221999320273983
0.0023225327899493026
0.014233308907938363
-1.2278524847715147
1.8305609532212275
-0.39425619060310835
0.027209038219337067
-0.10811246511141248
-0.00356668256717807
-0.03676915323454608
-0.015285703897394642
0.12652716357513566
-0.0032936493559039895
-0.0027929657517052134
-0.00464376900105282
0.30964788909268526
-0.09412656231842675
0.008883949290999671
-0.007135685118955293
0.2756863433987258
-0.02783829441920181
-0.07056049157137378
0.042971430222080664
-0.1339397314840434
0.047813527443396266
-0.008762168252648875
-0.056390635384948484
0.06068315758072869
-0.0039482281694801155
-0.002751204203046663
0.002363684644164657
0.047943461459481584
0.013032582343198342
-0.018903935500553026
0.020276731019423556
0.10523897478680677
0.27432968280237674
0.11071316658758845
0.43436246019746233
0.017485932192273165
-0.008113047942768542
-0.03182876705542238
0.11776851348757708
-0.004165745857936911
-0.023420656994273086
-0.013192098164734397
0.014741382205211387
-0.9084136602082321
0.908424453288486
0.39064894277265627
-0.8779457090481442
-0.060363273013319396
0.016179469087974352
0.059939257213066977
0.035243935451451214
-0.012667366539786236
-0.009803216805432627
-0.0019275128780899195
0.024053792002976776
0.18405236845330153
0.612990341614652
0.45365015778176865
-0.7983812967936856
-0.08542499453281603
-0.054099193493477526
0.2099230653999743
0.07100117199164169
0.015353911236906345
-0.01385252738039711
-0.019925099038985872
-0.03773856736391623
-1.1263166039631116
3.8860115817750405
2.383299860663578
-3.9091106560407303
0.047882851949229865
-0.16601924915374555
-0.11009144533914042
0.33005093583386924
-0.016337480551563505
-0.04253453452296546
0.017064485694965617
-0.04337902911182956
-0.10698169628250853
0.11758362829713936
-0.2964173613057428
0.007740549435412358
0.01856471916935748
-0.9647405170116752
0.010066817420281815
-0.06011314694075187
0.021051998626322455
0.022206431375350923
0.05136778116567875
-0.06707090412431654
-0.002696043233286538
-0.017799890370553448
0.03296877246379837
-0.2775611821969566
-0.04690116195669142
-0.09160115011648662
0.000512440935437411
0.06079969711764399
0.004804877180114686
0.00948267248260086
0.07693736721000549
0.016319411761007596
0.04927747700471097
-0.010191749771780195
-0.01941191109190743
0.009172007781553172
-0.0072992280324862685
0.00966765153176252
0.008839935278998859
-0.0014890115073001725
-0.021836638780387607
-0.006025633472765857
0.04030761178894665
-0.027143867459993976
-0.013345862156166954
-0.010364526146222075
-0.021811854896931136
0.019177884134464585
0.18407519624978752
-0.27240701207102713
-0.7890758364884478
-0.3994475649689466
-0.11028650599941198
0.0354909040865663
-0.09771887023550252
0.11793662006586736
-0.01617287691428615
-0.002231798627938736
0.006655646636112622
0.0260720580609628
-1.126274656816736
2.8749247021822324
3.688239281815169
-0.252525985440915
0.1197607995662416
-0.03953356920686618
-0.21963950856855902
-0.2961955970470081
-0.011651647085853006
0.030100879410999308
0.028127163824868046
0.04156067089200698
0.43106558178966814
-1.7150799298739676
-1.1256394863772066
0.9606588447038207
0.04696092919231011
0.22070268891568567
-0.0017406410198951838
-0.5665560289568174
0.01269822425596464
0.07132386312525993
-0.0379210202553426
0.009296494124367616
0.05146517060349698
-0.10890651642832483
-0.14409911802041758
0.008978634612821265
-0.00031443810408374184
1.55063017887226
-0.11324825999057485
-0.5380975967090893
0.0005427990073829797
0.25087262496655505
0.0676839446064823
-0.04237750678592256
-0.13051380056266487
0.009759910733647847
0.03996047494350618
0.26855671770135603
0.049803488513998746
-0.15442750787326398
0.0074720724061611565
-0.12117117563556398
0.015054822256051727
0.0049790927007071235
0.03012563855608453
-0.027836710498697997
0.024157852358251276
0.02374645742399044
0.03311796797851585
0.00447032206420158
8.558636794206431e-5
0.012445106535611816
0.43106989055789013
-0.27839526780144497
-0.6113412362016115
-0.16712821915647602
-0.028940966816450614
-0.05986383909286952
0.04893164411983918
0.10410100082099905
-0.0042078078494245975
-0.005325691006510938
-0.005020344995433981
-0.01870641310401608
-0.0971184799374501
0.2449884699199503
0.49296063988110755
-0.3876053270680915
-0.003330279952900979
-0.005955968669496187
0.046921531520882465
0.06712939004714652
-0.007484698413602418
-0.006542939815622616
0.028906257079531573
-0.015388229700865952
0.06781836261702767
0.029416405799707168
0.1879290363494448
-0.0003721288500571733
0.005796597665794642
-0.2304392860163128
-0.012084062306120427
-0.07286731345054964
0.0029651079972033284
0.045140314448341656
-0.043246290492977124
0.010778377377246701
-0.007474260737911603
-0.010549266242624478
0.006357410713850889
0.006016927511298191
-0.012149039034279774
-0.0013232368595143193
-0.005864811862942361
0.024150846424588646
