430.10217567798577
-377.67673090971283
184.35157661663482
-158.41551687228545
-13.136932720060983
-9.511046768523897
-44.50831780724238
6.149374761604623
3.5341598914954337
-2996.5851199478834
-1106.48169334343
789.2148421938058
-2032.0605314181228
706.7478463247804
-644.6903591394147
666.7165035158388
109.06327181646365
2438.860782328917
-12858.048722308366
3407.7538538270987
18507.07723097651
858.8083581272342
-959.2720340440299
79.46707071650167
-82.7244072330393
58.91255148819573
855.6815938077528
72.88964966804573
278.73148719571583
22.19025052954879
-706.8669349451856
-374.36188652653817
39.55357028535228
81.04287897756782
-110.71155995146424
33.71482135522711
28.545709906286913
-1.3481342694365632
4.65027515484737
8.048191035736664
-17.11547345991506
-15.545282029763465
4.180136184045115
-17.474507289931456
-25.449164709041767
52.08216976328472
54.84567593019196
-2311.481151877411
-1224.3121149609992
4469.210729909048
6745.533685239519
-360.44730219359326
265.4741102910247
334.80188184441835
-70.11732512492182
-1028.9224914353883
-232.09986068644318
14.828161441152828
23.222157538725057
-77.41118958951023
-57.11638399758526
-7.205880867702817
-5.492592470640915
-7.873009247553631
27.359970498979674
21.390861675951815
-3.0364074100892213
-1.5631093761716446
7.9714433305270305
11.004782999051649
-14.766896955073879
-17.44978586671465
11.55231645504221
22.937348968207477
5.633106095528815
-2.309843225124622
5.766991567552746
-1762.5263156737208
-8135.286767146703
-1620.3112827888388
918.0995075127357
-244.50139980521163
-251.13149933120545
303.93090840596903
-680.3747288922623
-722.4245449988093
-200.8153925851351
-6.274434202690713
-249.7334261927385
-414.0034384211764
-252.6323465274391
-25.26184564904422
-11.067406441250197
-38.76718113686884
-302.9046193230784
-511.70726695803114
-242.75926061531527
-7.165550628797361
34.423413796845615
86.37266444813676
16.270854555230073
-25.000511808900733
-7.598545286436997
-133.72325987032704
-20.686525687032702
367.8812565251351
258.21487990573337
26655.936566291406
-53856.19115347219
-49110.836274252564
65900.14109676264
58.848394216875676
3117.920756640394
-868.3964777264484
-3061.3897609243713
93.51506792015758
112.82273192370285
-298.20558017968006
-178.38932967105592
-13.284172233532818
-32.31703853541305
30.377302381393655
-35.42290837821742
-9946.94669421855
8833.683620664975
9220.217631505306
-4773.447189826404
392.618722543974
-621.0946308025354
263.9639724084101
758.6096046396988
-2.783686177679817
-52.45221091543722
39.459881771818814
12.13159117546239
-1.791549426711259
-7.072146156072345
19.789508390963842
12.6120874920374
-5529.424483399177
-12478.657037133073
2086.454054110771
-8373.95571761099
366.87652444782316
685.9306536542066
-243.62369061482053
472.6823361945919
28.944759199302215
35.34411979938242
-23.833731684501416
29.397828968521203
2.0718385777104116
4.957455061220098
-1.3059134260492757
5.8473241796219115
1076.9777943154386
10508.738674207145
5801.562571248025
14179.887027860497
-63.11457434817928
-574.5349943759429
-267.06224703535963
-753.3074781701218
-8.12246912850864
-20.467194642701237
3.7238593947040726
-13.59639118913608
1.09174543171164
8.59421172152636
6.158972198636033
12.46700155193277
-3973.6300080956416
-2993.7395015937673
-1105.4753757073813
796.9315907061573
-2041.9849907147873
700.6233707770334
-652.4881938468825
622.1411688162602
132.41867740519933
-2566.3452542343002
683.1812618986005
-433.3337373011309
318.58137457483826
84.58797644315564
-14.345349344614078
13.477464165549463
-19.384763128863597
-590.8916146689444
-846.6177850947133
126.97351509571308
2937.6570379127515
1545.8228000392119
-161.3263790481967
-239.43418004340492
-334.70268537095217
-661.4401972452897
-294.55878185159963
-11.675621239249267
-99.84551745516569
-177.8284604469345
-61.887840056947425
-5.163006650839543
-1.790866040588071
0.22564827144708488
-60.64079635996529
-117.17380792335462
-54.57868053671086
-5.361824696380211
-5.780749287120273
5.568331552770985
-13.684598935523582
-14.561088411661785
9.477744356857329
-15.525117964280383
-24.333852225516466
62.93328065869957
57.43236554575594
-64.67529924632981
4707.698449772783
-728.5726869706996
17288.61317646876
15397.133477509022
-495.79061735232244
-985.3822621470317
242.35055550024845
-1963.784368723951
-1714.6314438109403
250.76906089136173
117.71966946018438
-87.08212427503895
-63.53933853226927
-70.38243224793041
-11.423764173502605
65.45550116562117
76.77846919365493
23.10802207930874
-0.10136010532778528
-2.7020644694937346
-12.308938444532487
-4.160549599323275
21.88984987096606
19.321859403405938
21.453849891126993
97.46840889755504
59.497083030970316
-106.21939155077143
-100.48625925184342
-1706.5500081926584
-29041.96087578684
-38568.55295628309
-30368.92118510604
8636.145713567734
-2179.5209711939096
4016.675264004618
2507.0828529000282
2407.5336426775903
-126.90535053238273
911.9142774346983
2192.745028006495
2782.1216966309585
-811.3385977119906
-1763.7408376671374
-148.68882191256853
-538.5982773830183
-326.2126070330851
167.9659727391554
-61.45519155159127
23.020978577900678
-94.45360924233682
-143.58723264296714
57.25811189945671
196.99254454518996
-23.775376931263963
297.805927669222
426.5611954020278
-224.40874991852615
-534.7552843572776
-343.1668862050865
-864.6905730827712
139.3190654986829
328.8486999059096
25.355109338693183
68.70103491958525
3.8791294177644886
-30.632293334771475
-3.541499292263552
-4.866631479211719
-4.847783035262864
-10.514947662203383
0.6199851041717466
0.1219355624673426
-1.1357590360389622
3.1071498284823065
6269.812392644584
-2983.280475601554
591.5548963025212
-13402.5096655339
-323.64777373051766
200.80552404433547
-13.35637688047791
885.7452378917369
1.0043565686719376
25.023546649925265
-1.3018718214480032
65.75187933213601
-1.2866970560303344
2.7139573329420728
2.7818621715251766
3.7279787904419663
4142.2148908525705
2257.086909264326
-3611.9538132324815
-14056.51457631588
908.9346972769126
-216.21186668146402
-1021.4018766097724
696.3775862934999
266.6120714824792
-124.37533812326001
-312.4211490124799
29.49023048914387
24.780952292797792
-2.5994298240329954
-20.028885193691053
6.4793198271909205
86112.59902095795
-262594.079410553
-107511.07550859451
792810.4302592278
2483.310008376837
13122.139102101326
4252.785516507924
-25246.994555711746
907.9902665615082
451.27369218692183
-439.466295318678
3157.555774398148
-114.94758802856086
244.48748708306812
-72.94819667295087
11.979079480253858
