396.99415087184394
-208.8651200535037
209.0818964404197
-110.91961804024356
12.9935990036238
38.31496928869326
37.878331494870324
12.148045595393105
6.759794767506991
-3028.95426720381
-1104.6769391852088
776.139268372982
-2029.5318924210167
697.2343557537395
-650.900594677135
656.1097358188681
126.85158538189224
1331.864626273888
-12192.700207131362
3451.658703632942
21937.113220941475
3770.989516066715
-710.7910823601603
-79.23064687237093
-394.2855054990803
-559.798510856252
677.7132559688637
46.84792603303893
266.95098731834304
130.2884553451857
-627.8070022835182
-464.0971989143196
35.48353809611382
92.14201885262551
-120.33782309154505
41.64032576356591
56.81485464534692
-1.376015445417368
6.192093424131397
12.088313461339448
-19.155658890876076
-19.61955606842918
4.101013364500118
-22.794608481362648
-33.49659211508472
58.37115180748352
62.055756158917454
-2176.3530081376994
-1535.1772373407969
4871.888508695167
6517.094090042935
-945.2259230097941
238.10546537716633
405.66781016249456
-141.57460155500337
-1002.9054406920188
-131.86747045438835
15.966402832743391
11.178199884995827
-72.17267087544491
-56.855094352012344
-18.775591059886246
-7.111546771780802
-7.36408330086666
25.590084765642004
19.646797909099966
-2.681828627352779
-1.5662771636621504
7.675465420287401
11.05201949809431
-14.47523752535684
-17.50357120658631
11.625655336354836
23.06689315966288
4.456111636447614
-3.380574085699756
6.0930694566096015
-1654.343264188152
-8168.029604625708
-1798.245468313441
881.3841607203644
-245.0646208533567
-227.92885449036083
344.7297217666437
-670.0248253199175
-733.7934723160424
-199.40685810502217
-8.222141632299966
-239.42128732049224
-393.9939371425213
-250.37199187890855
-30.621182249147072
-11.31826973740886
-39.27079440352435
-293.69105605758364
-496.0953907256615
-236.37287265818946
-6.930797208345674
32.70357019602965
83.85867934335495
19.12250622080299
-21.889273598604586
-7.444274404373486
-129.89156919543285
-22.22034337098969
354.6972847786224
250.89354453432858
37122.36321042433
-61163.64622320644
-61716.77022556216
53035.329457554675
-537.9841109112858
3374.50832050699
-112.44552690369619
-2253.3782665200206
51.39980668368019
143.2983193350173
-241.89169476441685
-190.1521583586778
-15.536285994744448
-24.148788616376123
29.979997619921285
-55.66346800882665
-12607.355063689483
6745.770487966755
9419.458457753237
-5366.866804726412
538.1202012548945
-505.9131693734948
265.14263038842677
774.409182264028
3.7698450239287906
-47.319852163691124
41.44037495056664
10.397479618640073
-0.9523432883338827
-6.6518667113023175
20.264143066356702
12.50833704378778
-5240.374110227004
-12124.972012283957
2044.3343479240436
-8471.150497458973
352.4074562126672
662.8195005196674
-241.32862990962775
476.77282584829067
28.458572545188744
33.49401485382429
-25.03933583984066
28.91516752742307
1.7831439943432141
4.7242210883144535
-1.219333659205149
5.819778761337
1090.1832419434268
10673.653417549667
5667.453414056716
14341.79980992808
-71.10894747896847
-606.3832694360852
-264.82085160708584
-774.6280153310707
-9.003681605526356
-22.44698641660966
4.598066914569032
-14.243785820572082
0.9508131920715084
8.326505576236858
6.352363715573474
12.487547485708356
-4033.2473506750225
-3011.1073876377213
-1103.7017662809594
781.9040852013641
-2032.9789087134704
692.0791768730778
-652.3832388474166
618.7026609928885
110.44872277145191
-1967.477099261363
514.9721073006513
-462.2125318521139
243.38266374934756
44.75916067136859
-114.85989541832532
-4.239650932953737
-29.14127551492652
-559.6676078907622
-800.0904846289777
231.36942752620962
2975.2825363697484
1417.0519507658755
-172.8548136438792
-249.95762781593294
-337.02805254735904
-652.8215738529377
-264.7868343258342
-9.252039129482
-97.60190143125124
-179.64351493147433
-64.35062655829188
-9.907534872374733
-2.1718015356032083
0.10869823475258045
-60.55374499388324
-117.24495706926928
-53.83944597307982
-5.383105212454154
-5.318603285258632
6.077502221314205
-14.290861166185891
-15.034242669499093
9.31971108193693
-16.518043692447037
-23.89548050071221
66.46193580527108
59.442974461292664
166.92689654097194
6426.209807718522
810.1091787335463
16636.8470183108
14323.286721925979
-529.7753010844172
-1249.3866600525216
17.18002557370346
-1855.4349878974172
-1541.4347461168945
253.99411563889225
138.70039653491858
-67.36636510159587
-71.96356687930836
-90.0442813769314
-12.585028168125064
61.73455949351546
72.49930671447328
28.28195883963076
6.255476195608026
-2.192823367560777
-10.315528741230594
-2.2894309919825275
19.313735526435437
16.359319559479786
19.987722438728724
90.82100788010894
53.857066210791345
-96.55599771394691
-90.77312311809624
-8020.614121384919
-43046.16090724617
-37895.458221137524
-11141.078668162227
19035.638052403927
-2912.4147147815675
4306.5998198240995
3243.8161204140633
4959.879455440212
92.60116652306169
1171.7376863879617
2220.8419872054365
2624.666082210839
-1934.2170903115766
-2451.2790985088795
-22.302816650364548
-272.5964713753201
-379.6193908182904
74.3271853402257
-20.279960848391056
15.266636982276395
-122.23433295555878
-119.68379169513719
27.79123181279283
187.58959888207846
-10.755887309880563
335.12241637831903
369.8766577244096
-178.75067293303437
-510.31503041493124
-369.38685096707195
-748.764543432917
232.63934938798775
697.1688302312978
28.142061292721337
61.75946226578162
-4.624273197894581
-52.66479229513425
-3.3080863650122865
-5.3397274831363575
-5.919316891583776
-11.867282305806128
0.7066571305154525
0.3215026703503554
-1.2442272588832566
3.125071276595918
5760.129543602467
-3066.823979411274
867.7562149986625
-14693.624570176005
-297.2656575637011
202.94796665557078
-31.272340743034874
961.4929724924586
2.6002590253356175
24.878649424994364
-3.004891854729067
69.85913146590792
-1.0465341818112393
2.7758819897021567
2.609403442332905
3.977271941733761
13421.016679286957
-678.7246896028519
-15911.847857899964
-14175.245506644249
454.5971414120868
-76.68767451145686
-440.9096113415435
675.9095237352885
250.6223979457136
-117.88281098392326
-295.54661471329746
24.13345921281143
25.21018639748263
-3.5133511969688698
-21.12401793925494
6.200163372515817
79119.65097332001
-261902.85575771332
-89187.44439172745
843517.924639225
6199.158391222358
11060.18067508936
-565.5799955055118
-23015.182417541742
1108.0067740678787
744.8381270729005
-917.9757230766118
3139.3311389507726
-217.71304864501872
334.0466733111534
-8.705164058075752
-188.09167645682464
