-181.52746693392274
-4.715533469792083
-16.041900207119802
29.796050438913696
-108.49762760724998
267.7556005995165
-121.38528035501966
69.0627401710482
93.74922784540715
-103.24328994160311
-285.79656143887115
401.3351182487817
-270.7479549404035
61.80476201880375
7.888286760047222
-260.4407164143982
132.26700753575332
1.1227523361521898
0.4410632347890582
0.8914943739054475
0.8565984532476658
0.92798144690253
8.877008352709298
1.8671983656246542
6.386023181465507
5.774553702006433
6.593173982124243
21.961520693389488
0.936604558023042
13.287181578994918
11.879099806610562
14.07463028080464
-49.877904283594475
-94.4075189250569
-53.35172970843608
-59.56322251710986
-51.44029007573093
-10.73684619816261
-88.32381445952709
3.7997724347980864
-13.494287588689104
12.443893605163765
17.294491861545268
-12.649378453913506
-1.9226682456336022
-2.8326559172370764
0.2864014172078697
-1.7689247853320378
-0.680743075673672
1.2774794857276397
-1.0614780543028108
0.8531812626453639
-16.717508427411126
-6.5861243205334405
8.974709261267966
-10.343414214182559
6.3101400916680355
-33.89448853029246
-5.351549391810398
17.66745515426144
-30.294952330009366
10.618419030343773
-132.65462406786642
43.154183537830285
-101.09185164290203
-39.06892189913664
-67.57914657911488
-197.28178247653003
-88.33788410510864
-192.4868331981114
-44.22718795697503
-109.36875840030756
3.498610416096234
12.502578525110483
-3.4958976024199444
10.346678252053426
0.1020918020405972
-34.931215696603985
-14.679077051681992
-20.016847996938413
-16.587357441622718
-16.589744702084936
-279.92245815071317
-92.58316549461378
-151.93548476929223
-109.69938033314199
-124.41480969063302
-592.9320765374762
-109.85842795787411
-294.5479332387831
-158.04115367882883
-226.31761521081725
-130.27404235819134
-286.33734225967805
-197.6757704662892
-282.68679402697785
-174.16157657897855
363.9944550637348
-332.44335572967026
-92.53338675533635
-331.3549055161574
-57.13397427724482
144.7211430764573
14.172947706513298
-44.27392293344985
6.25412205244352
-24.383060112603616
0.3392568126410488
0.19003952856360057
0.24589635490556377
0.14493741791727738
8.384797917831834
4.172037998555442
5.815855223112591
2.959097477667455
-38.90509182553383
-19.315095673429127
-26.60818459628975
-13.436635507187049
-12.972164900931425
-71.61461318464785
-31.291305747953015
-77.92722821688476
0.647182620647582
0.2506637710740165
0.4054624815364679
0.11204064990358298
14.791854191625342
3.206706477470725
8.064853855735976
1.8874467991452022
-66.31019196267968
-2.7158949492180895
-26.660441753613853
-10.681399242470349
-29.149349223499726
-107.94965695620377
-28.034007280466128
51.68365039757653
0.3712153275800989
-0.3774474224133082
1.09216709819074
-0.44873738801550744
4.0892907483708925
-11.018233273525496
22.55276186741336
-9.006174625606405
-42.34122280021532
24.58773174721199
-84.90169655669425
12.924148930430164
22.721517334477824
159.59310457921185
-25.541599004759405
-46.58874248488445
-6.8109545825321955
-6.321985649277757
-4.050258274215131
-3.7680634660064984
-179.9236983888475
-115.69488306781062
-96.10776104077355
-60.971870230294385
614.2708985068515
237.92025719533
286.51049415907625
79.86695168143855
-9.640865606967566
-164.34445715872576
-171.40358412631235
18.678867407837316
-352.5108057935198
-103.2432896955709
-285.7965621862045
401.3351200992297
-270.7479560495782
61.804760948304505
7.8882863442607345
-260.4407176774931
132.26701012878362
-10.924891273013401
-33.14727561823335
54.388172080043944
-99.64990098258022
202.4881214600348
-98.60924587483083
179.54400292429813
28.439047824663746
-26.300876154156043
-18.300175552089563
-13.713236677093413
-21.955274220142247
-11.861137098301732
-203.851710232416
-125.74679841752663
-100.83695864136158
-154.59545451426766
-84.52084989564793
-379.7144748176745
-173.57612670146864
-178.15292601942122
-261.2713549907078
-134.64676404465013
-93.71076978956029
-182.2496709357399
-195.9900485270186
-253.70945801636276
-216.54935766538028
222.98761296952216
-4.468406023977877
-121.73903004295016
-241.23034553269866
-136.8620175494416
192.2824050827776
96.73645285247011
-16.746844856555867
-2.001691459961137
-16.22657807239011
-2.800298171624121
-1.4866912198435358
-0.8532996929660399
0.401659511588349
-0.3588449909594704
-23.182080988085318
-12.620230191266558
-8.117690661728489
2.8740521269807005
-4.178044602592308
-49.75852739691118
-29.083555007799532
-22.150645050252365
5.940141143498749
-13.599285651572671
-56.83687553430809
-49.296074913385155
-56.37701414209391
-32.02808405846221
-45.667557020337256
-220.70839014633975
-209.58820214106208
-220.81979942603402
-188.15684374794182
-158.18596320603137
-80.7423386317273
-60.35604866849599
-61.264055475527584
-34.536087119493914
-40.9148109076782
0.23219947099375204
-0.23039836455816243
-0.24404772278163378
-0.3779721910057745
-0.3436256435085241
1.9017993266614042
-2.1049583799221807
-2.321821837467155
-3.4381644587244296
-3.147801640218944
5.516193205732748
-5.500480563307065
-6.235387014097
-9.329739361388533
-8.570051295336953
14.586848749116143
-19.68255424759377
-23.1604929254504
-31.954738270868802
-29.662042468344453
26.658850146142413
-91.8599639322506
-69.02407418867733
-112.15378526126733
-96.30697419471926
-3.354390565718745
-24.840942870145
-10.843125055080577
-22.85726710260542
-17.58030050932348
-3.946568778442696
-5.775878461417626
-1.5692738481987476
-3.9323500492132517
-93.64707178337676
-108.16509153180561
-33.94785082706471
-65.95986937115708
157.8662420981516
162.7949359961451
37.01643189365632
61.24431992922473
14.874791236846704
-62.65328588381135
-102.01454438317194
24.630877260264242
-0.4855654097323594
-0.19223837395792032
-0.34797932247491303
-0.1724384824766716
-10.93623693347763
-2.098583629436689
-6.8359677546004605
-3.898045988684771
17.986996900404847
-24.196995645515926
11.629518771162111
8.707026958756614
70.10826914251254
27.064089519023582
-40.912177185575274
-10.782545528440096
0.18480391780440186
0.0909770378423218
0.08136808922574801
-0.03471220157882726
4.620001657029206
2.263845885707269
1.8160806377909466
-0.9969742626817606
-22.086121671367437
-10.493822928518057
-7.215659189518192
4.06488590920344
43.73898535038643
10.83136090781045
-0.1239616715174634
-17.976379995670868
0.08457718683149551
0.03084180350583665
0.02561699711790766
0.004490327239238923
2.199911038510777
0.8160218292559875
0.6487606740338379
0.11749137001879717
-10.12183727354568
-3.8802890960747334
-3.0886895197909325
-0.7111433080754068
54.62099986780959
20.157995398709318
14.421904791601719
1.8557852913218085
