-0.2533344127734115
29.714059005841445
-15.861066305432795
-1.290025039329028
-1.946277652090935
-1.7788864499802906
-2.6431416667880265
-0.17421746906814609
-0.1001815846406304
-3.67612863914288
-3.5460380756088465
-0.46747071941673396
-0.1787695378847665
-0.2726864607930451
-0.1448726097005744
0.022857807473010458
0.04238825773795151
-22.107498600375234
35.41149450328166
-42.391335347321764
-0.2667276738356775
-4.158368725720545
4.369625037505973
-4.603213234799322
3.9662037060375046
1.7966858653882667
1.7560121078292394
-0.09522557008979957
-0.4130064680395447
0.43631181238394456
-0.032062005007732576
0.061385957607432054
0.021600088508808894
-0.03217925009362171
-0.11886634879599116
0.07565735912167126
0.07034476102630703
-0.009665043919610317
-0.007236599916171107
-0.00306730360685565
0.028392841976500372
0.033988913890320806
0.052460433341492786
-0.10502221039101813
-0.19769856683604126
0.08545141766714924
0.14622475841970664
1.231684624422327
-5.044795367283508
-8.563868988495873
-0.14490792564117608
4.789604349530982
2.6437506213033632
1.7094060547277972
0.24783131096231573
-1.8992908737353627
-2.038327054134001
0.10222935461296431
0.006003640052130964
0.57957375933415
-0.8294526207574233
-0.9947689506140728
0.09842653617832899
0.01093822946650573
0.19370477730500957
-0.29658004813459965
-0.5637347752605713
-0.012399929041002794
0.07289870174334172
-0.021428670854635054
-0.14583406025323192
-0.04579159454349953
0.04395140511563844
-0.08071437493861612
-0.07544204493381633
0.10183470564993151
0.14490374046590382
2.439773969796324
-9.618458664809712
-3.651775710224498
-2.3365738243944882
-1.7974945577190646
-0.5636632548263033
1.1072172680814756
1.1061264624885974
1.1118513392092306
0.43887123750428625
0.10642313745161043
-0.0961253705448283
-0.2402269657908769
0.5350188213121106
0.5267347777610492
-0.006742186749810097
-0.017326854572246038
-0.03698766251537481
0.04810308782673349
0.2286807604477763
0.0022139945492973363
-0.051838926401203723
-0.02084632227429489
0.10002472829965138
0.038960696828031625
-0.020471911726122775
0.020352826483810628
0.0638266965540531
-0.028924609979213478
-0.03722157522073384
-1.2105347720869502
-18.389317717506913
87.3558926974936
-11.309710229380707
-0.13993428979367215
0.6714404395469207
-4.251978772846328
-0.00892076066735111
-0.014865865052025933
-0.004358462816883764
-0.005662173245376816
-0.09554608743728575
-0.005284369013938273
0.015613757854192606
0.020364651609503025
0.0177877901858828
-10.574370889767613
8.055958386637831
6.615608917131658
-1.2215079703297917
-1.2314382871141405
-0.4487385179486709
0.22380489495972294
-0.6645509858937874
0.020059929523499064
-0.068724251687639
-0.017321983695660445
-0.15401214863310111
-0.003666029300389007
-0.0010994790981192326
-0.0017445951886819024
-0.0062463223250560735
9.021642677148575
11.171763723731543
6.942103544290556
8.439585269501091
-0.6773375813424934
-0.04281499892302576
1.3038338761213346
-0.04964745124371257
0.02009057360476625
-0.011311202791297778
0.06468309356185285
0.10799500629440313
-0.003180312985873549
-0.010020872045688582
-0.009300891450200485
0.01457730753398052
-3.0550412394382267
13.168500885768715
2.04415964309449
-0.7119672555182822
0.24038583142033007
-0.9402362195879216
-0.3540368918729831
0.7001107625767474
-0.002370703992053656
-0.021414005884374518
-0.019413025551018027
0.039121476659350646
-0.003919672015925444
0.0016721175573501943
0.006158239803463861
-0.01597510124943817
12.625694115284825
-1.6611495050871883
-49.66502273712133
-2.617982667280928
0.46521762010800577
-0.5782189732957815
0.11074651935366868
0.3492484582657072
0.12694261378663435
-0.029311180484338076
-0.04266779190294408
0.014742186886064981
8.729446677161548
7.356230213156959
4.135614026557798
0.11868121974518048
-3.531031070652908
-3.4699975055762513
0.05383227302892965
-0.09798139718307751
-0.45873083375686086
0.06708740919998267
0.02644878985374005
0.05025855163133383
-1797.827463801072
3.2622159148233427
26.441822046317757
2.7445357508255315
-1.4889779630965616
-5.243561815084662
-0.4200817361000028
0.6599479486446009
0.3621190208074199
0.016557014158624546
0.01027160280252027
0.04015323858565724
9.668997692964076
0.39092873647441295
0.3289374153216262
0.10071917812441082
0.7493931950779683
0.043514959931140657
0.2851756146592125
-27.73545348186386
-0.6776837469971148
2.748555142853763
-0.17422140789985988
-0.12387280440507885
0.008726079309184363
0.34729102439721937
-10.128391523857118
0.4920761968461078
0.20289950169065912
0.24433556902583942
-1.6897525798257906
-0.05017154226703876
0.00632370730056743
2.4764037554564484
-0.11170049801660861
0.04796770823046826
0.014321462547866159
0.3669964088007027
-0.30863646441466086
-0.9693780226713647
0.16073512381863833
-0.009368983257021056
0.02470296186683672
-0.12052092122695497
1.0241770804810153
-0.0006715870931359596
0.011699539705848359
-0.045616292478896675
0.09333796124011293
0.36412154787428147
0.5996040215066999
-0.008516913156648436
0.04127818921872616
0.03323465352515164
-22.958383897948544
0.21050132357530632
0.3233157463688129
0.0630823497173376
-0.08090626786933965
-0.06895330486176804
0.6340556165472859
0.011847281310782276
-0.017197185358814315
0.5317371666345808
0.03513515611069586
-0.054101208290529966
0.16955569139652532
-0.011261861490475398
0.1401027515762375
-0.027287005917360763
0.030889604646048344
-0.0824828406216241
1776.7348547297947
-1.055848573798114
-14.356030879841951
1.1108869921403632
1.9733782518146503
1.3015568438460439
-0.24010395868225676
0.0643664832250738
-0.21317865896137075
0.048103789712495466
0.0003714597033903519
-0.030733868116237732
7.875985694815968
-1.2802806135052778
-16.519370435041655
-1.1470793288296126
1.205926060379072
1.7741818385610169
0.3263284181070455
-0.20913614133072406
-0.5711848038500118
0.012737298070752778
0.008011420458336659
-0.1388777582417087
6.230907134421515
-1.650335223049153
0.0976895320835514
0.9116736364540428
1.9415091409995477
-0.03673885757317517
-0.4658967499974859
-10.899806373597592
0.24505242890103357
1.9226453870819082
-0.28258452840386433
-1.0152833190776211
0.0636166168393867
0.08612608435358052
0.09494257148610596
0.6199122414444727
-0.08547522658606019
-0.9542465180084391
-0.1112481985413908
0.04574647288771844
23.175031348926854
-0.3031067040138231
-0.6388087988160873
-0.026989584194896565
-0.03263970666767328
0.02250910177315607
0.04731138111859527
-0.3710727595579308
-0.16172238632541913
-0.03450752048640876
-0.006208674303550048
0.08264327406218441
0.1508761039568314
-0.001683653229760875
0.040939320306184884
0.25279286896307573
-0.021998092860955904
0.16774297063856458
0.055021241766505725
-0.01138438667467571
0.22608078455365174
-5.569272005883393
1.4134391053236375
-0.2796314881914672
-0.36145088943389114
-0.2550795697068156
-0.09375289332464001
0.06392843140274437
0.14349986075558538
0.005704170435537228
-0.005687251032840555
0.009479801583214187
1.0381133144069126
-0.10100774103751624
-0.18156750930261298
-0.016471375522217585
-0.18013732713358663
-0.00031522844385081366
0.014247588368545155
0.6634317434472067
0.018022443407855616
-0.0016775731628625582
-0.0032755762624313237
0.22895276291130134
0.05876793637540547
0.007190103051329959
-0.007346605752159987
-0.027266551334129266
0.01186034326322787
0.0036037407615214134
0.07981946452829532
0.007867851352405142
-2.1884066638278457
-0.6181418081745865
7.1341902586943435
1.436840701717278
0.22621560171749375
0.051789992838985624
0.05814635659079521
0.878078363441562
-0.004711126452219041
0.05631118914027262
-0.009697266925277405
-0.034998824759687575
-2.2951122510576076
3.2720849898233033
-0.29316886677627463
0.18297171645841598
0.18070924710150382
-0.1123719238408051
0.622139860744272
0.5591451033655764
0.030578339530670216
0.018195336732824426
-0.020438426535174713
0.09807915357518956
499.7048294016175
-2.209242699780571
2.203724015566061
-4.02909938820793
-0.35299130042181104
1.0391747781201215
1.1334886755317315
-0.8627375105487287
0.0031130148517631764
0.0008409935261088057
-0.051049652746811704
0.035550585539024966
204.40270362773072
7.317973746411846
-6.731846309454555
-7.455817564052848
-0.2315879189314644
-0.3916639941189918
0.6418655137487942
1.0070369008480078
0.014124503430008976
-0.08311681745954264
-0.041058388052923424
0.1069751154382775
-1.6616039337436976
0.20736294045799689
-1.3606332162449981
0.016343330207104097
0.2226507199832547
-5.574399186931191
-0.05931866875406645
-0.15952352662829714
0.0417360239857438
-0.01862831505671449
2.222636723167776e6
-0.1099316182517078
-0.7273486272347548
-0.008488458354569321
0.06901407176172634
1.3930319099979016
-0.04452023830038041
0.09671265669676225
0.016970916636137753
-0.19553763371457034
-0.1891798434079231
0.010307375450409715
-0.5037544696543302
-0.06991968879136419
0.40484266723679596
0.0446834907395407
0.013434029273098114
-0.02357213997040067
-0.03427963077731699
-0.08256799965617466
-0.07916354847525728
0.0300237953861761
-0.11300458302443243
-0.040325207782012366
-0.12979262931701857
-0.12374441833442351
0.07014667400674215
0.06055347612318207
-0.04516942975539184
-0.144463367214934
-500.16785438288997
-0.42637249159589924
0.5048285040163469
-2.4899592972918425
0.16713449658030172
0.23195594868625602
-0.5333152344129715
-0.2769792952217501
-0.03632330710259589
0.01991999942161422
0.01897968023137823
-0.05446560747401932
-199.74403710642915
1.4203295155885147
3.845545353048901
0.15227636501923547
-0.18906416236350407
-1.0992230312361986
-0.6516905441596618
0.33114745785753247
-0.014470177072072708
-0.043294118837413305
-0.0059847085153077045
-0.024968713124570826
180.62750175907607
-2.92375790033313
4.442936937601596
2.933198110676768
0.10492644862102588
-0.08811398481597446
-0.07865961886959975
-0.2937962634058856
-0.004505009517792666
0.04360357306819647
0.020132233481358237
-0.09537665267510047
-2.222624323415508e6
-0.14963819236401568
-0.5584148248247512
0.03983812323967759
0.16952686577174633
-3.237521536250855
0.3160106778630323
-0.6872745505951312
0.09717984020206709
0.4107592627683528
200573.3886405943
-0.0562278218097168
-0.750461098787816
-0.04001296368681171
-0.029985590804999847
-0.559789824400378
0.09878281013040704
0.5474206714077964
0.011213547216732482
0.0224970397262716
0.0018894412499753158
-0.029904430674031344
0.07117545060804675
0.09856508822673103
0.142087209068185
0.09206734343873209
0.0263730731783832
0.016797571629221585
-0.008292028213619433
0.05040040214850433
-183.24904685487013
-0.8063913309160607
-0.3086934140766591
-1.0283739589885437
0.03559606454627344
0.12170678273178229
0.051097390701192305
-0.05514394406287804
-0.0064389632620581935
0.025388531249326947
-0.0006136119105219404
-0.0406836296900376
0.2118448829663682
1.0466645871668878
-0.6050156632714145
0.05614836608690194
0.01642007875733328
0.06278880928014399
-0.0011987198619196383
0.024235029191221988
0.0026700550947564095
-0.0024639614994397033
-0.0065089254142793995
0.01854915736541821
-200570.99165418837
0.003515501319929528
0.04800883139970663
0.0104471110064156
-0.014086962355341731
-0.580586737224257
0.027831597608953745
0.0027384073388028733
-0.0038710801752506897
-0.0010408420689808965
0.006180087229950798
0.00846226708949103
-0.05256716353019342
-0.0012401316994013287
-0.016452679325238497
-0.023767461765653922
-0.012837729359771002
-0.01276410659920359
0.00024443722650840087
-0.02475507115937948
-0.12398473329694779
5.316606676460779
-11.203622519667743
-1.0282260336950282
-0.3725121360059498
-1.1414714124257659
-1.5480038589472218
-0.12788241340217413
-0.08489849922693514
-2.3113443403635197
-0.7614136780989035
0.4661191783713418
0.3891524932145926
-0.4003192416953812
-0.16380306318917884
0.11841406414079864
0.13947715567016475
-34.59170644461495
-1.3597582614927035
26.463711633787522
1.5167306751181897
3.8499574771786453
5.099356628387961
0.4862060965715605
-1.6092912356540245
0.6001797135838818
0.18550424633035217
0.06470030808076858
0.10944356958856707
-0.04990839205851421
0.057534534927676906
0.26850413782593413
-0.08666346820795431
0.02586652138771111
0.04674248743897141
0.06220021347563569
0.06455026018700939
-0.004794717943743414
0.028865297044116438
0.05153534229392613
-0.05663664239583281
-0.08405348296554499
-0.018968427384672255
-0.0557687890326638
-0.13357544367582494
0.06286575253538695
0.14050152278485284
25.364467246315197
-19.138863985380887
-32.35269747550502
-1.673138905541314
2.011845386839798
-1.1987927719442288
4.463347041231487
3.570727469030355
-1.9985028212423583
-1.7074419385899307
0.37532435789702245
-0.42870815678868857
-0.7491004767397038
-0.6524330829975776
-0.5741953706372074
-0.13450370879313847
0.1738305942962458
0.17592954636688105
-0.39999037033173374
-0.5829302385797906
-0.005848763208066386
0.04872961511816205
0.012013686127103483
-0.1162586482914363
-0.09648171267782558
0.022544836095663587
-0.03462816122923445
-0.01647644690428954
0.0391823247609531
0.0250575869998119
-0.6475444192873732
-1.7958659411397777
-12.693694707551927
0.5038236669322378
0.5098374047610275
-0.4676070755556937
-0.20340914320645295
0.9807785174556246
0.34890443058740556
-0.3455863555927525
0.19015447464192395
-0.24407272728827986
-0.05140275790152581
0.7060125536132447
0.7427395451870648
-0.13674658319110358
0.060386227880584835
0.02743868255809507
-0.03075074866366002
-0.06376322627584136
-0.0012813855983247087
-0.013378933601017943
-0.01725591745220814
0.08872494692540411
0.12222302856330164
-0.0036355049117192846
0.00039928080726492164
-0.02786221123584714
-0.013786025181431398
0.03483162220867558
43.13038561419345
-1.5538776800220437
-33.46458954307211
10.91332640557213
-0.6622200893226197
1.4613575910588978
-0.40790010980840813
-1.7266841162766633
0.023032435940142166
0.012748298554306663
0.015103662997647068
0.06471187515002984
0.00343261509629211
-0.011820209377329333
-0.005366417080326537
0.0014683832089617875
-20.597117928140783
-2.8388330254734586
12.280860848670246
15.133488126917792
-0.1048340621117908
0.08681485904468678
-0.21434938333127987
-0.9886861005774785
0.011876344467455698
-0.037724108413824634
-0.05659241304760862
-0.23582331489170408
0.014799814969670172
-0.009465796487208201
-0.009793023376629134
0.00960405855243831
1.922144905329323
7.108932115905226
13.55875203533928
0.0666517712367477
-0.02097005018163795
-0.51738962931508
0.001683402488110061
0.12883023614974407
0.03144507957023034
0.011439883882446631
0.02651316824900529
-0.03066062060107697
0.005938378551690862
-0.02325817706085545
0.011594447873203797
-0.004560690821058368
-8.240855391994023
7.1395210330326515
18.855706284714874
-0.9896879668160891
-0.05561986554747573
0.333297280488153
0.6055160424909312
0.04634654013819014
-0.006357701133165379
0.01062702369982963
0.012242031121119979
-0.05351588281478367
0.006278931965123854
0.005918840952110169
-0.0018929170463505706
-0.009240068498842962
-10.65024304436794
-6.541391323394636
5.936248934752451
-2.12163407354824
-1.3878591705686627
-0.2223105968831363
-0.13431386637903558
-0.16298400668164809
0.044088292134365464
0.013139455344426459
-0.0177880114854894
-0.03813603973427525
3.8336034103097805
0.7459730985570696
4.215823735143824
0.8134359876415188
-0.3383900857820799
-0.5704666884268447
0.3762454030793875
0.21061008498769376
-0.33417744666326804
-0.018735536454312335
0.02121658396212095
0.04252209112762124
-792.1865726060698
2.4839401133507457
10.379919343140195
0.7176244497466108
-0.27015392551185297
-1.2682248883098102
-0.1162130038898062
0.1716376054363871
-0.2433897487506745
0.030125199709214085
-0.02286966265554702
0.04474524273077881
2.946672309738551
1.7438791986591715
2.49848182412735
0.011400474234738788
0.780724160280045
-0.013124789094630007
0.11944784138373092
-3.8407793802816834
-0.43436365813742056
0.3677486908170104
-0.1887629283050754
-1.0232327797705245
0.02149417499298218
0.0446296134965247
3.4304440609264617
0.24442938068847386
-1.492578977372233
0.2103409152644333
-0.6767576877152102
-0.01429866884788372
-0.009226952170499252
1.6701264783858065
0.28041174976232985
-0.035395648272987
-0.98324220954041
-0.5209693184478872
-0.04064768525177769
-0.23278122349093283
0.1675291637989379
-0.03758907284226437
-0.016167791074401677
-0.4645292239503916
0.4820308571872
0.027519987366041287
-0.007979032788911822
-0.005678152614451103
-0.02854046491479833
-0.005599966369341366
0.09667595308440832
-0.021868348039945147
-0.027519467191260253
0.05851488500364753
-1.2050383356538483
0.05188721901589119
0.16132730363739423
0.02597280879041321
-0.03159716807927696
-0.03641965527321028
0.06155259976945715
-0.01686956795411657
-0.031359973191640786
-0.10600387898571885
-0.04438571987368168
-0.13589151603073663
-0.11017912811785248
0.005134166704129093
0.06232354880896794
-0.04898134655877022
0.01785968473396626
-0.016943054762111612
784.5438842915646
-7.531851770997144
2.215209949711845
1.0600942103931976
-0.16884825746640292
-1.4699926425300045
-0.37375763918425925
0.1476727225159158
0.1575522388204252
-0.0014096496221354493
-0.009331874281823931
-0.0753763713541157
3.9674980677825555
-6.026616452346306
-9.546703806813076
-0.5482849033794729
0.9513605048178309
-0.0703453587066423
0.34134806980203664
-0.09703675230848981
-0.5685904219827356
0.03642819285236161
-0.00020018477486857196
-0.051353048976722375
-4.8555484072684685
0.09548242977214233
1.1047036838701134
0.8864813678892112
2.048014547329019
0.08865836275804104
-0.3600804868426289
2.4810397717165213
0.1268476273330933
0.7359702331583465
0.12160074120759776
-1.4245438070469543
-0.010391654770946585
0.03585746789015448
-0.5165369167249675
0.7705865670014325
0.09639326658328551
0.49628533933481633
-0.2669034719551902
-0.09058269316592177
1.1938649707460738
-0.04445366047882306
-0.12173238250257688
-0.007327125854206731
0.010718805810129581
0.0743409537374906
0.13067507369249834
-0.26496423660324164
-0.33885754159579895
-0.06372581758469585
-0.01780640161271037
0.13130541978575108
0.1023826462482553
0.022387702782265248
0.06941482210820657
-0.10763939621390187
0.0027692752486401765
0.09504174135528164
-0.017682672952310803
0.014672560959577719
3.8490444913671946
-3.3343430881966767
-6.7326160512169855
-0.10476249453767661
-0.08453511178127124
-0.05786741520186941
-0.008927582012503304
0.0182416700877857
0.07101489956202504
-0.01537356503229887
0.0019755873892083405
0.01823094363571532
0.11303684521726434
0.38933431873692104
-0.2564040913007409
-0.039125386451187
0.14009434703049156
0.004266703436166933
0.0001810918531556313
0.06925787195145197
-0.11145842246296354
0.03646363886525868
0.001028919815974659
-0.06336475403203609
-0.038219136333274534
0.0101712488187608
0.006482648239581097
-0.029537365582780323
0.013616392353410705
0.0014390734342669062
-0.010358597940349146
0.0028147031824540462
0.5321747889296454
2.6513335460238165
0.2956448419913722
-2.4981656513076027
0.32067979103269495
0.3101381246418457
0.12532947598177438
-0.03592514105729815
0.002385038429376142
-0.017769571979961502
0.01399695257540752
-0.03685250258181055
-1.4145940771755638
0.1671685738546631
1.6809700460113428
0.28862485597093823
-0.045076500294496405
0.12259237286458564
0.1426360735128809
-0.11768619768532076
-0.022640671157963626
-0.02664805388235872
0.003053734090682653
0.000261857826849415
-139.98744307557902
3.358397012482514
-2.2891727892758866
-1.281791181683722
-0.13082229467427234
0.18147485414301623
0.41660915775462193
0.1686125078963832
0.04873653493398933
0.023323285597041138
-0.027005461129053904
0.006117030950734955
119.90778264239653
4.544346237718404
-2.6069931269110196
-5.166797087908631
-0.07005341642197924
-0.18754351262586919
0.047375039387322536
0.05635417060413931
0.019528653048482923
-0.04052996311424748
-0.09309061483134212
0.020168482206110526
-0.4489056977708476
-0.24547504755788854
-0.7377862256469557
0.016668260322695482
0.15114404374591023
-1.417996153007537
-0.1507213742912172
-0.3013345531119956
-0.049424027048864436
0.04386145038348618
722591.5056992599
0.032395401868616495
0.004448767418943142
-0.0124923009362437
-0.2252731670266238
-2.2989457952653622
-0.036816437045249555
0.7279486333811962
0.01609133782256538
-0.07364646952870778
-0.29236661323034807
-0.03264347628894254
0.028520580830736875
0.06392346911969164
0.12124981616170351
-0.0819734514764923
0.04117673593096382
0.021057811943632238
0.021342638989041776
-0.07199754920831147
0.10679337438625819
0.01989616958789569
-0.008802653654704031
0.02666759894678445
0.008644012626210158
0.0031768226367295425
-0.03406474605889167
0.022177411048016273
0.007606503641483241
0.003986546250929269
142.09180943305748
1.372582967117255
-3.159699075839099
-4.475106373039468
-0.10257720308161818
0.1213350207657208
-0.11811958593763701
0.3931496104112065
-0.02205812941862635
0.014858989868334371
0.012570025473751004
-0.036375054940584337
-118.4307125761606
2.1604198469260587
0.25795635297406666
1.024600807138368
0.07453393268593234
-0.295291313722099
-0.23885174204271395
-0.11990704219034692
-0.05300908386314933
0.004001561052110286
0.06777524437585179
-0.07887234393832136
-195.37356354264773
-1.3782322086547907
2.6655619842200604
3.031637032949913
-0.040575051165793366
-0.2188368098001071
0.26542277734292463
-0.07422927282136102
-0.012048898690480892
-0.0006228627422780121
0.057061221407180146
0.015269876281655303
-722591.9196979809
-0.1520990671060121
-0.022003393957334028
0.08526207433721247
0.18510589837267316
3.0597945387977092
-0.01879302101897176
-0.6725195531313801
0.07781662036198016
0.37850987861016583
14922.554020486246
0.036346885456221445
-0.3675623368450236
0.011102705168033727
-0.3183828993191206
0.08072006299199128
0.08393715343461307
-0.056658422445100616
0.046987467861751925
0.004025253467157561
-0.02575741264551949
-0.03103072845548491
0.013606765907908765
-0.035461838819096876
0.0362313545380703
0.0040057399087334074
-0.009019817463849937
0.0299601394253504
-0.007235696383668173
0.03376229816106667
194.26683344056465
-0.5467528847443653
-0.667993913285946
-0.1904221806109445
-0.037701235917708714
0.017286641438690676
0.12824991462715102
0.028658976570356754
-0.0005372182565327392
0.00510195375391719
-0.005508322206671618
0.03636658036978608
-0.46410577051742913
0.651489806835925
0.6882663374333086
-0.28036505488939417
0.014731741642760083
0.026156320551058154
-0.017980256850656115
0.02530384044302194
0.00824232986256395
-0.003480674048207665
-0.013455291489197618
0.014557554344989123
-14923.324296292885
0.021913118174571852
0.08988071142292679
0.0033363693855429405
0.005056704592619787
0.14985674674937358
-0.04765470651270593
-0.002990435391021275
-0.0020245216350423295
0.0036414219853482003
0.006893746239658429
0.007042566842476853
-0.0013970009937782865
-0.01085870193259876
-0.0015435110360258208
-0.009503257746331518
0.017097548768672765
0.004071899067058703
0.0013382702052730745
-0.00885780268932066
