-0.3155517583821643
30.053266111196375
-15.539261725422666
-1.6742404778087323
-2.1514156729957943
-1.8899417361591349
-2.895477334640862
-0.14989807048805814
-0.11018714427410989
0.9493045075141789
-7.204100601401435
-0.876570295359235
-0.20457926591230305
-0.7265077772989279
-0.8642513007965298
0.0005100912902164546
0.013951146911445935
-0.42326719383044065
43.22522246525048
-57.766776179406776
10.168582548096017
-4.045484346518549
2.261629658321569
-8.38298696873818
4.07358306603888
-0.6570223603666254
1.7757365024680967
-0.009617838516622568
0.4419121022175092
0.2201874399591608
0.22332721549661638
-0.039925782158612644
-0.055151962295292456
0.12535579360801558
0.12781491226201666
-0.16167995554152792
-0.04920403297707343
0.011727968838276967
-0.021828808105171352
-0.0053152411778459255
0.01660817645100543
-0.027516323946353265
-0.003910606122208501
-0.012021525547216833
-0.04979181571548569
0.012426580723449113
0.0890784670679099
8.466917381555461
5.465062910181121
17.140562889564244
-1.5092693322807622
1.3673666076885427
0.19974236699934655
0.730870802345398
1.972406303534004
-0.1428661333346295
-1.7557653533860045
0.15793378083115478
-0.22196709012820492
-0.19211151010865002
0.33145490169980973
0.4488229238968908
0.07737182256559309
-0.021354532971692503
-0.15926154931385536
-1.2815864989079717e-5
0.04589462108857337
-0.018638812208799725
0.03643712755687388
0.017507264858279855
-0.05478569085904688
-0.0014384370845065102
0.02112254808037025
-0.007584211627410541
-0.057483610726387184
0.03252483330072636
0.002431256982359513
-7.016849176356269
-8.036389768120864
12.87394753453791
-2.535647610703916
-0.500075307616616
-0.9960299978775953
-0.37384563292803885
-1.9139645062480843
0.8262393565400432
0.22138307846258548
0.16112324964184543
-0.00013733470048327145
-0.08611533196194576
0.19674031362497074
0.28160891061757803
0.01484807439238199
-0.02431141051463324
0.014016990359908069
0.04290672327787328
0.05779589565688499
-0.001079481069529199
-0.019798611613504703
-0.024497286522170182
0.057373919771810965
0.06235725285734516
-0.010164800592081878
0.004063445777828474
0.003350514679642043
-0.020283796488007703
0.007511877530743534
-3.0308971616211053
-101.27444895578375
79.11157857418787
31.953294676011296
-0.9427889935016913
6.456704499112047
-1.7298802497842583
-1.5686202651066692
-0.0917472939116725
0.29973020018179536
0.09870883143538817
-0.17551635861040493
-2.7149580763580206e-5
0.004370338133203713
0.0002898345698490318
0.011265417022836288
5.13182263791483
1.680893427702756
2.8975126112439042
8.37183210727408
-1.48506010678173
0.2746030368813029
0.5439937511017026
-0.04787198553414046
0.006885200843674416
0.01914956439806416
0.08214655699203703
-0.04402529792590984
-0.0020150293296537294
0.0015246268537587601
-0.0034006356132953823
-0.031154284227943467
-4.490937452234232
6.7958457076612
-3.2376226515721362
3.700732209785775
0.474105661402596
-0.0788710501847138
0.436310527515853
-0.10872319264673164
0.023826564064063034
-0.02293748938090781
-0.04965657441082088
0.053947127297648334
-0.003153220572004854
0.0013890470691098147
-0.002449673398728997
0.0025455452057964074
3.5822381578220597
7.545515376912487
-7.638142485223651
-0.6935894447435568
0.09207738904287446
0.48825620064756214
0.8003865960891994
0.7490555681630741
0.004683626181538593
0.001107617914829915
-0.008079661979631949
0.002384955975260235
-0.004367301384029079
0.0037604350682139843
0.010601906266687023
-0.0035305688339236554
-6.534643797239426
76.28427522483213
-37.970668512604504
1.0251619429446905
0.5198067229555967
-2.899019729149771
0.5028683550697628
-0.46777583923513627
-0.2107928360514486
0.040794346608054005
-0.026330047274156054
-0.05823694168603763
-6.677826682469529
12.31583131304022
-0.8033920919212383
1.9317495329643855
-0.6801617196312896
-0.0005251478829619849
-0.07572769418403388
-0.6903541582530202
-0.2574114064842534
-0.05515564712751653
0.01597623574269169
0.06730856340060752
3.847589839160329
5.704186580073028
-2.4025264682342495
0.5460038617809655
-2.7493134509754666
-0.35088145571856844
-0.18209213416564007
0.14540934958806861
-0.30668941203145694
0.015104716870872047
0.026134069913026997
-0.006038886642592611
-24.767129229532003
-3.8626222676290443
0.9294889148879193
0.24604807409399498
-0.581082963727928
0.015150559199120006
0.0018202315578108585
-4.730852134001125
-0.8202442605451836
-0.05721812581775865
0.1265224978119699
1.034962495034967
-0.008222614649074589
0.0780898005418103
7.003501735637995
-0.2945199027909702
0.9051800696181411
0.06354972914291679
-0.41567298369399097
-0.037328315782254144
-0.12829618811279914
5.1856740437841715
-0.68645291938833
-0.0320689354765229
-2.289751574855668
-0.3091295927910698
0.10577775592185598
-0.4379357836166533
0.06909083478181688
-0.031097792956149367
0.24344066434081327
-1.335918825208173
-0.1359091637720935
-0.11500330082283383
0.10134233188903802
0.0461153179745874
0.10581819734863412
-0.12574535592082517
0.07640637282343454
0.04011682011708305
0.08987866422630328
-0.020326773129027302
0.08877216560858286
0.2434309662976648
0.17938731258734628
0.017345602520354865
-0.02455680175642616
-0.013730949131053358
0.5427944210723403
0.05774890542963751
-0.1424381437561807
0.055560745238731224
-0.04621705034316098
-0.13180248398632716
-0.020682824506924047
-0.0060109209099720685
0.07859786126875135
0.09875285847988183
0.06241945112385491
-0.02056497123377853
3.8473580753463796
-24.144409339404326
-28.49899920135504
-1.232642731405935
0.5601182791973445
-0.14430937415086253
-0.06351648530820059
0.05270310118200161
0.30050607408140784
0.03505583682295807
-0.018692536515352333
0.003572913984515489
1.8847134094595237
-3.219324889654544
0.22363223093077012
0.4608380123490303
0.6652868034027748
-0.5862119248845534
0.024347335148713456
-0.055214447909455955
0.20102053870758008
0.014903938346084722
-0.01638287464742787
-0.08678309001203173
-3.4594068818402377
-0.27806076991648787
-2.7842301240614047
0.5765610338900702
-0.32366311000559644
-0.07270641148376646
-0.2775256263395004
-1.8626698106951634
-0.028723088422427934
-0.4403126296110007
-0.09394216448786974
-0.11115190547102222
0.008313437094934057
-0.0638893319251364
2.4414863856283775
0.08520367650868899
-0.07842460250233729
-0.45049395964332273
-0.1360614518448784
0.04874095139697597
0.08877449395822579
-0.019021830806035367
-0.38688662437221333
-0.011667674604218123
0.0004295601271632199
-0.0006416956372250343
0.018175643484793863
-0.22210570444094177
-0.38300077951466205
-0.01580046294026423
-0.0033659184147896773
0.01477755185965287
0.15201892116588178
-0.011717079749570092
0.09710964152347712
0.16858440329687496
0.010546340835449294
0.058227787892474486
0.034765197121059875
-0.012265969149455908
0.17708945261236547
-1.838031264038731
-0.39849798060067065
-0.4098283420725462
-0.05820874172426915
0.2888020820217544
-0.055680517214089606
0.007040379645714377
0.026053154772604205
0.00271942527285158
0.0033717443058676883
0.012339426629202187
0.4981354699784939
0.010879590915600867
-0.20082066237968155
-0.038637755686235786
0.01619875537834059
0.0016760493037981244
0.02727593603383954
0.6597132251590184
0.05737436878273931
-0.016159005988709667
0.00752515166432098
-0.0838617830544761
-0.06808396354642146
0.005679467824574335
0.0007597357359340626
-0.005711388762360317
0.003881622560381409
0.001999651478084577
0.008344064734107329
-0.002609896449715597
2.0987414109006863
-13.660491561380049
6.538824560474318
-6.493874641404226
-0.24241037464871457
0.026102861346336326
0.15721130136876305
0.03686598120785245
-0.011483661894303776
-0.017220783040324927
-0.009884242015943845
0.0262757006821146
2.466314313578934
-2.3015077840789075
0.7168291240314861
-3.6109836906873056
-0.30766440931626526
0.21467146821868122
0.4082510765268079
-0.5625526998947592
0.008518904197558522
-0.003483301184549481
-0.009955217877695266
0.06077826540693278
-1.1627627719071203
-0.09294751739123086
12.042524865905875
-9.307885532456702
-0.1422481094452103
-0.10582444722039488
-0.3137892545184726
0.0011407026412619814
-0.019674755598749052
-0.03885770067872019
0.03231728340119355
-0.06351895665151958
-0.31437138701326983
-2.186264945881528
-0.10121694421447014
0.5748181217449313
-0.07530324187581378
0.5996391008388415
-0.017927592906080425
-0.022687218053898395
0.014788511149358804
0.006228023948925687
-0.09538805087066698
-0.03671645826405068
7.784720847072823
0.5624570462453833
-0.34665372241580017
0.0341617547405382
-0.13525086320085844
1.2305045719244294
0.007498092111260846
-0.040326216854939645
-0.03073093737498994
0.015593361358948066
1.6003365011984911
0.2771619328787296
0.28591155775232213
-0.014165761254179749
0.052457452244584424
-3.436607588763536
0.013675118325806146
-0.3466991855361422
0.0049286945360476585
-0.03755087960375103
-0.569083582672528
0.01987120388253355
-0.16685378110770488
0.03162581980743241
0.47521985123499205
-0.041618339205406585
0.07264464257564529
0.006058963579176679
0.030795304265351875
0.05760057275868272
0.038051028245055074
-0.007249683355912195
0.02122633710763312
0.10666128277938527
0.022931501905281287
-0.02759589489151648
0.05835252422200421
0.014410677753727508
0.035190621299782905
-0.07469832824594647
-1.1627498699486196
-0.31269049009623107
-2.0908770500762515
-3.1849254185053155
0.1684664600397389
0.17653958426169947
0.2338275265884211
0.3010666156130595
0.021943636848270096
0.003341895692470412
-0.001482588328085989
0.052271351497571256
-0.31440668755579715
6.156566233948556
1.458137955432326
6.7077245556421
-0.1312584421993007
-0.11117783966639427
0.6272579648333321
-0.08291307814639182
0.010223544139639714
0.011551862738464626
-0.0001994725512533685
0.016081902730346043
-0.24337664946065396
1.7038721177958176
0.584555882568961
-1.6585023955525038
-0.08223399204229515
-0.31156564172562573
0.16117682765414043
0.41967001826598604
-0.01753718678638738
-0.01858928477914623
0.0698900984891698
0.05115274031154962
1.6001654054319232
0.07135054850754186
-0.35837835061860324
0.058078823690695836
0.12267468582070962
1.3104457012813953
-0.01921588686837583
0.37467546574665933
0.026263832495529438
-0.09237511030042536
-0.008941906131308963
0.026354205978369856
-0.022929772448941454
-0.003505989299817826
0.012289974624746935
-0.16344240062191373
-0.0486596095167911
-0.31770742311697964
0.01518479372963627
0.09685895399710004
-0.021349939901985623
-0.051433040765853616
-0.09144511891098954
-0.025061240442691757
0.04617451354739657
0.04319775398664785
-0.04407301935668262
0.010247325882468471
0.013242443340553182
-0.004895485629579338
-0.24336311492721108
-0.5465964712687532
0.4754122768092679
-1.5468953408905486
0.033530277409703844
-0.0023527446809065017
-0.09312923695341596
0.006037318927858477
-0.013105094371293452
0.005919443498713463
0.012910776710608203
-0.009431582765754187
-0.03382436227981066
-0.11124753981550287
0.05604893562152115
0.3926918127377944
0.032849537603791806
0.04162273179097861
-0.030570022384781743
-0.06233796018809144
0.0037645337351891834
0.005222094909013919
-0.006991525942925587
-0.015872470866740686
-0.00835429227947504
0.027791734494630932
-0.00920224958518795
0.004753338464605891
-0.03157643780481523
-0.24002016022776249
0.004505379735644699
0.004747900101562244
-0.005732945274302288
0.0020219098434208216
-0.04176071855779942
0.015335797128736034
-0.0432629089565752
-0.0027274326028573228
-0.011648453389673654
-0.01196071684611976
0.007570635080559898
0.010374794280868058
0.0006278938536368405
-0.01889676469728627
-0.18698970340241042
0.9498396737024588
-7.204092398239286
-0.8765444213813491
-0.20470240596688027
-0.726855002126475
-0.8644045677396637
0.00045313842879522725
0.014105503893969015
-2.8360285025956657
-0.9183052012862198
-0.517047920055038
0.4259126279743024
-0.4664754818110607
-0.307157857428356
0.24605615814565512
0.3307019193525489
7.058957067790303
-6.297074964648637
2.6063381329828132
-0.036992107078788194
-0.01834507684294286
1.368320438881728
1.0535554457161236
1.4664722244496673
-0.27797529422899103
-0.35720479731728205
0.13166011383922016
0.03203791411731491
0.027423264770491507
-0.042455128871383474
-0.019475549608544585
0.00838970381038473
0.0011340847399221952
-0.10218012544397392
-0.057135699118179256
-0.06020710397542539
-0.00952187679212678
0.030751734877976455
0.03384360851547655
-0.05294387032840306
-0.03719934092010009
-0.00939708284554636
-0.04225616592641218
0.006511448368541312
0.03993668686161837
0.009343099915315825
14.098688961063374
8.106407150260196
-6.553756388007565
0.19312128722237554
2.7693686693851407
1.3483227167889975
0.39390484517198177
1.906109060876961
-0.48066478028170245
-0.5343191745329839
0.18756255946088193
-0.4955968708262473
-0.9487161178163462
-0.18808737686414767
-0.045504497946867006
-0.20210241548192467
0.09261685386694621
-0.042543022418929266
-0.27267131084849006
-0.1291182578717569
0.007048288982042079
0.012659941001742253
0.02787227014302429
-0.05032324948028215
-0.08477057953729042
0.008389837450210755
-0.007590954409063579
0.049105421667279776
0.028492610707757923
-0.03864783976675979
-8.06020087251541
4.454495759794305
9.657897847098715
-0.3111198652755025
-0.7539601991236178
-0.04555551956955095
0.0030930463534986075
1.374157977722545
-0.07801989125155795
-0.9707895641179366
0.25787705534314076
-0.6896327440840689
-0.7884306523683271
0.8477135204428365
1.022876383071072
-0.2241949239744576
0.1324779127248249
0.13272321633089057
-0.22530022176349274
-0.37729529383895843
0.0290846138267057
-0.07279790798781095
-0.13377202666212773
0.22530806865155056
0.2852628774518699
0.01084386678121399
0.041770480775316046
-0.030509552203374035
-0.06689322163719369
0.026802650320787515
2.0484757124164332
5.728827861379131
-4.849682683214404
0.6737693938916536
-0.022329286429662254
0.2849805806953327
-0.4126512912192357
-0.5516696947130489
0.001965776753098891
0.053185839887418596
0.019420706540922095
-0.035655439940889856
0.00014503999819633767
-0.002972125402746606
-0.0025839293029204374
-0.013589246955581988
-12.188207104274014
-0.6429223571243625
4.326388595797141
2.369041249649875
-0.7842294844298241
-0.20908413900943534
-0.35578849470159923
0.05538563289381371
0.0035052464836878225
-0.011687399418596006
-0.025545804169794923
-0.09732322565187418
0.006299255900778397
-0.0009345630549109259
0.003101506949508162
-0.009048899314875219
-2.5576396384325957
-3.3632046605861508
6.892429216501171
1.4505089204233172
-0.08028959428222837
0.00716470906376232
-0.42752158535095575
0.10628855858925235
0.00973901733800625
-0.0038972242711313165
-0.021309211195514766
0.04867166208188878
0.019749945970615995
-0.0029772425565699756
-0.004820290865547805
-0.008544056125716938
6.6382193341101505
-6.469212652386459
-5.560187859696242
1.3923461581701657
0.04426374618143036
0.39000020912755584
-0.6579639743124577
-0.07905114495372967
0.004374218659348061
-0.06671534574298871
-0.024145315281852764
0.14103143354711978
0.004830892439202511
-0.0019185755054843684
0.012321800575083364
-0.0024816298298220296
-0.7482000992972306
-3.6642443820912796
0.34612199248948483
-0.29595139056846076
-0.1425267580144255
-0.018630683142467852
-0.028263393425465688
-0.07644343186130809
-0.03880515942633722
-0.002872231057891028
0.006514451024010787
0.022767327357667504
3.497635758503151
1.3926790242463474
2.5814495869397955
0.614282490776159
-0.052123909867982654
-0.42594498074580023
0.031161111854699497
0.039077567882743414
-0.07167475301797599
-0.019032594599852286
-0.002149208197288033
0.016367101757049668
2.9397966420656836
-2.4081576027296343
-3.876020617901342
-0.5792688985140307
0.1842239605790834
0.7232349583865396
-0.060136194515558294
-0.2884945892649543
0.02046700135987134
0.033709483277501145
-0.03513322977954028
0.019420122874038326
0.51715748948269
-0.37383809219681163
0.5781350417917182
0.08672626565552966
0.17881445219882242
-0.003273623206053594
-0.013404582341953637
-0.7734892153359425
-0.12229720204842565
-0.460724862074267
0.01036393952310366
0.38952531860239414
-0.007237970675783523
-0.028244022798683797
1.0030052854217217
0.5110551816857032
0.3956844399031212
-0.02363848145112404
0.5633838780875662
-0.024800148045509923
-0.000823949918236408
0.10914684479547299
-0.013225872609659461
-0.024880037459132705
-0.4698637028357755
0.026717155248424662
0.028452292384020972
0.17720433712446426
-0.06292017326283228
-0.024980645202632767
-0.00548634187356703
-0.08727583140632467
0.014304767111550376
-0.010307918090263601
-0.0012071877184073598
-0.004082918596785404
0.1233039719571532
-0.05403340508605653
0.005274537705043936
-0.016951744158005877
0.005973418517957491
0.03619255196150312
0.02557825206975123
0.029044773277649094
-0.04253034384042248
-0.0013275629984098591
0.0015823261708410308
-0.023541841580565215
0.07746698508773164
0.015328740884500536
-0.032000985070507304
-0.0016768145934435985
-0.0012832035170800282
-0.04290269480746192
-0.041152857862162495
0.006449241703986336
-0.0534911478755945
0.02213154661458505
-0.00886094887488087
0.0215519780962124
2.939787706098415
-9.364632798988083
-13.476756746267931
0.4367577659592501
0.48846657598825205
-0.22536990756393926
-0.16357628614421516
0.10947954098197998
0.2872285307289411
-0.03707934822337716
0.018006781831692076
-0.00752890340042503
-1.8261747070403684
2.2771084768694303
2.8509053394576735
-0.08196724837410563
-0.09730420658115335
-0.33016899451923454
0.13224800448935614
0.29166509982785316
-0.13478779315357134
8.352417909723159e-5
0.03539876659228894
-0.022509710419831436
-2.853893296299777
1.2093233790673061
1.9840764461876965
-0.06236801553726601
1.3021914357137363
0.032645384252348975
-0.012613202731657447
0.5549961183884724
0.46214638226047633
0.02942004545223975
0.05172732032965466
0.27196450967475316
-0.038576478608293885
-0.07056800637216265
-0.43944115816066054
0.1744964422457551
0.10238092067991761
1.1057438649990092
0.02814955898361826
-0.026147222370121737
0.025577244071221972
-0.29597947674710756
0.007008170431129113
0.024096386659836128
0.007316263513369531
-0.026043092036634102
-0.06915944551839937
-0.11400670609179908
0.20186802112479718
-0.03062039812253936
0.02727820507950085
0.04006571565262601
-0.06283792041226688
0.02653198709828833
0.05929017720536557
-0.11168343669506187
0.004900456736519496
-0.010221996808633893
0.0023225300609251986
0.014233306277554147
-1.227853109927469
1.830560567942882
-0.3942547495235509
0.02720896280268903
-0.10811248520046446
-0.0035666000484526617
-0.03676915459001773
-0.015285711154584547
0.1265271720431087
-0.0032936489685530083
-0.002792965553707491
-0.004643770530365642
0.30964778827766076
-0.09412658468940949
0.008883926137187137
-0.007135681278829187
0.2756863412444689
-0.02783829452447728
-0.07056049258105354
0.042971504806013805
-0.133939739423672
0.04781352759415078
-0.00876216420694853
-0.056390631137539504
0.06068315847129138
-0.00394822795437727
-0.0027512034641918315
0.0023636839780857774
0.047943460780826674
0.01303258261458376
-0.018903934681295365
0.020276730713445615
0.10523888573820916
0.2743297502245763
0.11071334588816262
0.43436242246687806
0.017485936908382044
-0.008113045576234823
-0.031828773398359655
0.11776851469631502
-0.004165745741103108
-0.023420658001359895
-0.013192099019642176
0.01474137933775388
-0.9084138436224222
0.9084244629845368
0.3906491270935343
-0.877945799029348
-0.0603632755214033
0.016179465036189708
0.059939285506787926
0.0352439336607096
-0.012667367734971596
-0.009803216911045243
-0.0019275111304055265
0.02405379012766573
0.1840427120326238
0.6129902249371892
0.4536500874350686
-0.7983814754984393
-0.08542504058332681
-0.05409917683259971
0.2099231406496404
0.07100118298465141
0.01535390946203738
-0.01385252959940754
-0.019925098387626322
-0.03773856926528718
-1.1262938487369092
3.8860112244761282
2.3833020609615394
-3.909111404036047
0.047882906118678153
-0.16601924815819014
-0.110091559255028
0.33005100261179776
-0.01633747890398146
-0.042534536802661504
0.01706448225663787
-0.043379027748406906
-0.1069817421305399
0.11758363642491032
-0.29641737236566257
0.0077405515890530685
0.018564719971227328
-0.9647403739426466
0.010066800384271435
-0.06011314864313244
0.021051997269346992
0.022206430850987585
0.05126260657238202
-0.06707089502527291
-0.0026959996242625905
-0.017799890026386683
0.0329687749380462
-0.27756109247932415
-0.04690115074089525
-0.09160112557453459
0.0005124419336456666
0.06079969911278421
0.004804881526958904
0.009482671876541546
0.07693734437805269
0.01631941325746329
0.049277522083227554
-0.010191747411349553
-0.019411923751111865
0.009172006711983524
-0.007299231362178277
0.00966765028313199
0.008839934730568889
-0.0014890124521061941
-0.021836640663848605
-0.0060256329540940845
0.040307604036915023
-0.02714388001433568
-0.013345863976948813
-0.010364525286153947
-0.0218118609886161
0.019177882370260302
0.18408491374639968
-0.2724070648134007
-0.7890759949928778
-0.3994475297473148
-0.11028646976837841
0.035490913353314335
-0.09771889820356183
0.11793662675211092
-0.016172876385012136
-0.0022317984149153314
0.006655644770107577
0.02607205742406915
-1.1262983959931394
2.874924682804946
3.688239130729471
-0.2525258296667685
0.1197608213481482
-0.03953360101642067
-0.21963964262191515
-0.29619558128851153
-0.011651641484068422
0.03010088053259935
0.02812715316616282
0.041560675098099464
0.4310711855152429
-1.715079580612569
-1.125640809109604
0.9606591324665323
0.04696090022107069
0.22070269837788814
-0.001740570357422866
-0.5665560798592542
0.012698226638687013
0.07132386623994738
-0.03792102662974379
0.009296497055178737
0.05156988955814246
-0.10890649083182535
-0.14409909903539325
0.008978635708857263
-0.00031444075430497875
1.5506299780852064
-0.11324828080674376
-0.5380976072193504
0.000542796787401989
0.2508725946736563
0.06780075667502627
-0.042377515750564615
-0.13051377101812456
0.009759911428830752
0.03996047859559004
0.2685567046004924
0.049803488267747026
-0.1544274716509828
0.007472069039115015
-0.12117119614122437
0.015054821438446369
0.004979092948384105
0.0301256418309441
-0.027836709977604228
0.02415786288622368
0.023746473089687026
0.03311796744725415
0.004470319683018725
8.558614703846334e-5
0.012445108957386264
0.43106487747174965
-0.2783952607719328
-0.6113411827299924
-0.16712826127845481
-0.02894095709048028
-0.05986383531666676
0.04893165485906871
0.10410100311416792
-0.00420780875989174
-0.005325690675383202
-0.0050203425550228884
-0.018706413950646483
-0.09711845367984512
0.2449884701663339
0.4929605790297567
-0.3876053565615454
-0.003330273638629099
-0.005955973251467461
0.04692151821932419
0.06712940120435817
-0.00748469873797987
-0.006542941130252777
0.028906258853076277
-0.015388230263073732
0.06770152209257
0.02941639325897477
0.18792903386132964
-0.00037212856312699577
0.0057965985186264266
-0.23043924672382599
-0.012084054269404967
-0.07286730065686403
0.002965108364555517
0.04514031544163144
-0.043246314857839335
0.010778377059326022
-0.007474264243631729
-0.010549267198550177
0.006357409464448446
0.006016927305334353
-0.012149039464059208
-0.0013232368116488924
-0.005864812031208195
0.02415084575478696
