-0.2336581091364713
0.3479338168473985
0.03856956585118961
0.10967052071761152
-0.9961000111440245
0.4817035155222371
0.7994296273862843
0.48579196677598635
0.22801891285575338
0.020186332496415983
-0.7959890312618428
0.25912622363547666
0.7801233615173143
1.009439143768962
-0.5090927101674637
-1.1477085295586218
-0.48520916371384826
-0.17355661507121936
-0.25673275898804065
-0.041294940106574925
-2.2760041222811416
1.376838742368793
1.9683716384634389
1.777667480157486
0.6746629366821376
-0.5089390482645443
-0.17387886897789248
0.7772927892951202
0.22941968084452113
-0.0018666159892843188
-0.6770037001449956
0.09024590191784779
-0.7290660458231565
0.3122512963427773
0.37743158113906305
0.18134236067788798
-0.659006860387371
-0.05781011003725696
-0.2160332683012575
-0.03838882804992297
0.27795101543091116
-0.2886146180518631
-0.12204709174081113
0.22217683182553663
0.4331807709997408
-0.3152258162671822
-0.47075953320978126
-0.8851131258906353
-0.10777349274054598
-0.21944807179116832
0.519133811119529
-0.01947882319352151
-0.4886520102318498
0.1576852297012377
-0.040827121594973974
-0.5549384348436727
0.08713673581622569
-1.0254647211975805
-0.04048747947336241
-0.1333403569672027
-0.5671225250410735
-0.2506599894040935
-0.21953669245625218
0.23297874452568032
0.46589017111734365
0.18265417123502045
-0.30802108320730154
0.1018135213016868
-0.04086114270367436
0.30016761743934034
-0.1263797868130131
0.11128316717224422
-0.07058522835187493
-0.013463933843850227
-0.0429110964516166
0.4978177324045816
-0.0320041520266166
0.07990666057582597
-0.08060480817978527
0.32373264480410285
0.20946749164746828
-0.6230834588064849
0.7637316831687424
-0.46425292535450646
-0.5045557864135508
-1.1553189064979137
0.11127061630632527
-0.4661482863211496
-0.776229847126446
0.20468260145217307
-0.6398671705473487
0.02543438414940257
0.035428895282262354
0.08015832048150492
0.5874826688287877
0.30871096418877353
0.06279985473006816
1.3409494392626615
-0.2813528090567723
1.0062839104193553
0.5123178105174158
0.26771314876688257
-0.2620479619928813
-0.5545589785164895
-0.06633416865696577
0.28512733021760656
-0.11338747140935405
0.3609780643535859
-0.9252382132896819
0.16318556601845963
1.05201662263682
0.24391013969788067
0.05101438083533427
-0.329970139016621
1.0187276860971917
-0.08464356437556947
0.33250602717125743
0.8721717093718643
0.739867596785957
0.3928996612055504
-0.2564033022745688
0.1698054791624527
0.5296041810754413
-0.38090529256131456
-0.03387804152688887
-0.6262422997368393
-0.07747595776868625
-0.2721732464663092
0.28135263110494513
0.371953086505763
-0.5369947798883107
-0.10308963162411115
-0.2575989988248453
0.003571500497244922
1.3570107868903079
-1.1052651561953688
0.5118921212073583
0.7915143432934987
-0.38082179763283047
0.8302871222423008
1.4476850344350978
0.6149210095048419
0.08397040310400324
-0.27982673740654845
-0.32471674749858626
-0.29634184258033475
-0.10747616583427004
-0.1060408129878726
-0.41813533081839815
0.07293348865524732
0.13844927076984634
0.0792472448283787
-0.21925581587157125
-0.6702146830887319
-0.6333721060130669
-0.8938890457034167
-0.3148212554060582
-1.0317935142364842
0.5373338458901238
-0.24246431346784214
0.07857453688324471
-0.4061278088802031
-0.22666371145850003
-0.6660276771291717
-0.6810449238353238
0.6888085030636681
0.2933768708531948
0.35439378770012386
0.7511015822312006
0.11065706548145474
0.019758122140037776
0.6429220449905022
-0.03564955368441782
-0.6967781934336311
-1.62744256417569
-0.35046795669639924
0.3875403866055903
0.4568990601504099
0.7249889660818566
-0.2666829392588424
0.08738592615581789
0.2900058900529432
-0.013545266211698931
-0.3349033727355389
0.012629580103653365
-0.4296693089586461
1.687213344209283
1.3784843383012264
0.2185901793226335
-0.2203240781172756
0.5874591574524111
-0.7382529074346784
0.0012117299855378418
-0.09503875024467767
-0.5478128227592206
-0.09941887595918195
0.4164900515775301
-0.780695655729887
-0.3414195164427242
-0.04942428796122531
-0.2431126501469081
0.2404083514098929
-0.40175076463694376
-0.5021417572035851
-0.3541957434363132
0.18646736744750775
-0.2826953973464014
0.035644218377216236
0.0011603316953095555
-0.08493335161572883
0.06349015492110498
-1.1901712322586278
-1.2030984615402591
-0.9261742524536216
-0.5764190246885916
0.21898004779799055
-0.1794004116474189
-1.2144858392374316
-1.0157469854090106
-0.7154992659836051
0.6289749375689935
0.28863356880381275
0.011400486697035198
-1.2619332433297539
0.0914785968344209
-0.08405543761000996
-0.23611502881286167
-0.0408611402494815
0.06581984578172362
-0.0012456646152235926
0.1425679537232937
0.029574659162132765
0.18957049879090704
0.2002143789597113
-0.3376149958026161
0.16520285515376976
-0.45186569771912427
-0.5553834507887618
0.7916308227945594
-0.3624460231564598
0.1832658051108436
0.31857770165486643
0.17607960007193538
0.04176536092584246
0.8719931932092986
0.07858974879282676
0.24771185917262104
-0.5347149840791137
0.39519161073447356
0.1630591117540756
0.08031428321193931
0.2369978698637578
0.24782738244203484
0.41868542629092165
-0.17386458590021
-0.12033034554827508
-0.047333503047402976
-0.006352321438681637
-0.010873794527125925
-0.3264914282728078
0.4709316744011729
0.5244183829912197
-0.6950991869125205
-1.0511921164558895
0.9104564979963804
1.7552927576927735
1.592135644028861
0.337467334303596
-0.44664562427732163
0.4083040760066159
-0.3098731328010059
-0.8051172794253252
0.9638009178111917
0.7854894834804982
-1.6443091883327259
-0.07065862475929265
-0.3016472266449278
-0.47709183667379035
0.2615736190915916
-0.11257166581010893
0.17226081981006977
0.15055364599743218
1.377906760136259
-1.109805144609191
0.3299183198822022
-4.305201726872543
3.2457512022889166
-0.754481832036555
-3.4498655155787255
-1.260576856156229
0.025797126554897847
-0.4842250949583394
0.5756877915848517
0.4170338059129802
0.06269418112367486
-0.0527229261898295
0.2579247348187183
0.02612968361374744
-0.22788730539183236
0.08157942806079928
-0.19920185441863772
-0.3353464788811467
0.6269545742808468
0.8114167374575587
-0.22802198691048162
0.49266979196587796
1.120110520321257
-1.1737259740430523
-2.1536490337416
-1.0769218628294144
-0.5970764081269221
-0.015033068250075872
0.621080389303347
0.41719259666764447
-0.0899644070564789
-0.11385080948638662
-0.6211888646099945
-0.3234194624194708
0.5411777218765312
1.4471622448369865
-0.3203411904004128
-0.47925566957954885
-0.41433407574743414
-0.0019418758631462429
-0.9432159053219583
-0.6739550309908005
1.2543246907513343
0.6262939966302248
-0.5066897877276642
-0.10601289682524384
0.8959547264837507
-0.6035421447548777
-0.34322577889883127
-0.5891400883755575
1.0736773230931134
-0.5538937389558796
-0.1614427457675098
-0.7114928788655178
-1.1780870832554007
-0.006090133093858064
0.2125442630837641
0.14231740416497146
0.9955706603478829
-0.9997655757698843
0.6622807538383376
-0.5591927761011524
-0.21978581100458322
0.1699616867142622
-0.4190725120078088
-0.3331411286480102
-0.4642322514747682
-0.4899032711965653
0.5503165032236805
-0.014620291483528808
0.8230033957305879
-0.24226599911735439
0.1561968298530562
0.0960936442346877
0.14239739926581724
-0.1446620756312747
-0.36085254692325425
0.6354733908562309
-0.1465579667913891
-0.31534511806520915
-0.4555947065142568
-0.2595955548464204
-0.38916425002109384
0.10803499971463652
-0.2835365151484414
-0.7319313752014621
0.10529043707461043
0.43417083614515123
-0.5802500618748417
-1.0282812522141729
-0.24811286201399033
1.5239221294659977
0.37011125669175277
0.42894267490517374
-0.13451401523682238
-0.10329287203747572
0.9967182387999172
0.09123700779717862
0.01834367393428478
-0.4140130877397472
1.8466047764137679
-0.7291294911833415
-0.7392732337578486
-0.16405591558585036
0.9369601703201681
0.6660023086741396
0.36364257445231873
0.9497379440908252
0.19144769607108322
0.14083118191140814
0.6241594887205368
-0.23469222096357234
0.2066479801710452
-0.6303013619894978
-0.207187759307495
0.6146654317618017
0.02173959609396705
0.025394116098578553
-0.03084884659527628
-0.17357285631789282
-1.257984121078742
-0.23775026219501583
-0.6932111304939748
-1.0502688487541294
0.02612638538857181
0.2216767638861624
-0.6868049235244251
-0.8455373871888319
-0.614543026280618
0.808508576323498
0.2177465811076963
-1.2669833860874742
0.5978277870901368
0.2547249528762694
1.8674205206524168
0.037269611142169035
-0.018341097364454474
1.1213326054894182
-0.8843646277221652
0.08888837765374479
-0.11373982589728959
-0.03480844672621721
-0.2047344714733531
0.20982005320809166
0.9025343486315905
-0.5956286849044033
0.37392128083933046
-1.4714973163728535
-0.003499646446632819
-0.7802712350614719
-0.49304939225473354
3.2598873861671507
0.8108300232778487
0.030533122201195688
0.08122775221570327
-0.3973570953614916
0.04034958803412445
-0.06960998934592616
-0.23425066470199837
-1.6605739985376307
0.633284079663727
1.0256160476344018
0.14612766458993498
-0.42470351162732306
0.8926673137392096
1.4677439700460848
0.21005273501048288
-0.3805012479207325
0.2889203281293675
0.3027943965029798
-0.21039760027427618
-0.7337948309290693
-0.12668006046068958
-0.18113207889845184
-0.2125580549668933
-0.6186198087012534
0.9338183646563231
-0.2224603776621641
0.608289857036812
-0.19912893771706222
1.4903212611193473
-0.35401492469988544
-0.781366698480772
0.6820228256445059
0.3218253436187105
-0.2039616917026223
0.2990437272504953
0.09014138721705732
-0.03279256835270346
-0.5046213189824242
0.8816722561730476
0.2833963989484832
-0.745081108196735
0.22287332285772865
0.1921963155761174
-0.6797402108709537
-0.7272619543315009
0.23818280569701467
0.7556959491078807
0.5672511661398371
0.8779001273972806
-0.10071774774143033
-0.4222013252689018
-0.19162149712024618
0.34928646713790906
0.1822801381717581
-0.815143001854697
-0.1093507432850883
0.6364913184898324
-0.5667865071552518
0.2745990923081865
0.7689464027394914
-0.7089290492740452
0.20026336620037632
0.5585906129156923
0.07774614323028209
0.733941761997538
-0.08549559133538975
0.06032363221057388
0.523000701438878
0.025361702512926822
0.07326803263537644
0.17876306061323774
0.3112901036813089
-0.99419051856964
-0.24873642975268112
-0.0483820206875095
-0.6561253393957178
-0.11070713441644253
-0.06961742735318198
-0.1279271143028454
0.8494953236599593
-0.9625265485879385
1.1384486996759502
-0.540971619250017
0.21799088015474455
-0.6894131270920293
-0.3204271901789219
-0.7092229488519625
0.5114069139937228
0.08131723067508606
0.4900581027298928
0.45766149680149587
-0.45866252144775294
-0.4554048582915727
-0.28371519249650795
0.22383299218987954
0.21385519342235995
-0.18299377095037636
0.20443344222892684
-0.025612990488759257
-0.38615646687619887
-0.10846043781139018
0.2761334093041486
-0.03208319868609129
0.13166515886832425
-0.21086529171477203
0.1986931682160521
0.2143550713420576
0.536857248510832
0.2732368543441563
0.09270554866366333
-0.7959895648046778
0.2591282325660494
0.7801263489568914
1.0094356223484502
-0.5090858349351705
-1.1477045474949426
-0.48520909882805635
-0.17355846650012244
-0.25673357547037245
-0.041294696619041574
-6.846768261013675
4.283803726701519
3.84314274537396
0.36354003405650515
-1.4662266165501325
0.6967490123500751
1.0726262864838536
-0.3402740705675942
-0.2845054209359761
-0.16596096575741143
-3.1213751133115926
3.413743479942046
2.0381166970157873
-0.7505090857681772
-2.1906471519172164
-0.6320137841907705
-0.04250647832894867
-0.6770625633636133
-0.3540662213927467
-0.05960768775807321
-2.9732349581643023
3.254449793754152
1.5804792832805072
0.028266895807443716
-2.1785626615961617
-2.0997653732789154
-0.5402879702679027
-0.269550271394674
-0.17177958574473393
-0.11465166730868369
0.21292112906628835
-1.3216856232793337
-0.38193104335580985
0.9754698789740964
1.1459400538615248
0.44682180094426455
-0.3443769847228525
-0.3393258020613671
-0.14439003602500164
-1.1306453272591779
-0.1211418093632703
1.9987522095580215
1.070317911205873
-0.4121645380774057
-3.454156122967141
-2.5979671635210786
-1.1450513522461712
-0.41628164214789576
-0.44544743067889264
0.20827026539927496
0.18527141893199245
0.20702673678447847
0.7473143984921946
-0.4107046441767216
-0.8242105169745673
-0.15332519039017592
-0.10410854010289951
0.11624579395537647
0.1608895386643621
-0.29410271642117813
-0.33867678328839385
0.09738396644838236
0.7466416228578022
0.17395297389464426
-0.20893153636471767
-0.25885928276639886
3.1050573014733365
0.8286883478535326
1.6635990033112424
1.3810520880953807
0.2643373668062509
2.924033062884074
-1.9620278069605075
-0.012730765450743668
0.07789183870953469
0.17483889182475082
2.486516327393093
-1.4994771409498313
-1.5497917470709326
-1.5780489830791629
-0.42689191534744286
1.5481039638642173
-0.5007612788269753
-0.8023641764732335
-0.8902235755856754
-0.32116756016356285
0.21210331036725588
0.7715446077643611
0.8165016013353149
0.5837764416419153
-0.022171538968598185
0.0019341130097413315
1.163986851664925
1.066613526009965
0.5041758313231024
0.2165459409336016
0.0822872685856452
-1.1783800528954493
1.065558181224265
1.076461618257854
-0.7690025157439522
-1.4165201821151876
-0.9449653863856632
0.3766369245652874
0.202309390397076
-0.2557822043980548
0.36116846349810666
0.03477771809019726
0.3062099154147322
-1.910111272233331
-2.4184294865791993
-1.0725450976826918
-0.029085164481872393
-1.0447850243173402
0.26920023067536986
0.15472580238392977
1.4048996118327985
-0.09482173872870292
-0.20425080779456653
0.04018276710359046
0.04019671295521807
-0.80092094972645
-0.6691368117146062
-0.1925192298732376
-0.2288311513466164
-0.9555891929293646
0.2238412673330954
-0.06579048996465141
1.0156263097972977
-1.4094991015322116
0.22782554720410536
0.07267949915427842
-0.5615395247681753
-0.060010112807170314
1.274031431815713
0.42548457933864525
0.03677269592264635
0.18397489569607328
0.07035398547814554
-0.18742535851022737
-0.09991809132718354
0.6806324506260663
0.4815887384836061
0.2917121191475847
-1.110054906498023
-1.6862491373087845
-1.378904787763253
-0.049878540247305946
-1.0210948822103139
0.6367217237873325
1.1583606425107793
1.3691982130878926
-0.19450015280135705
-0.9373657554382764
-0.3455404174269364
0.2556734483355674
0.24753273554766023
-0.25692116258006625
0.20562725894333958
-0.4424515630207128
-0.3859179547718933
-0.042185728737731694
0.036438798052248304
-0.30819696073306946
-0.8234687268480316
0.17012463558796334
-0.15709654052323488
-0.9621657268729146
0.041035359469107725
-0.8567981954233574
-0.11865423522150628
0.4476581825544375
-0.15882365649491564
-0.105464958873597
0.03361329526849274
0.19479688134504974
-2.2057225202081785
-0.9838871496991937
-0.1296869852217036
0.14813310901133628
-0.46075379778653064
0.4358071548292306
-1.7466651839276504
-0.2984582430003628
0.9322606767021155
0.748864111226105
0.03858424063311114
0.6152185565380003
-0.8416091360782028
-0.09086524627450222
0.5960296083407464
0.3211279441182822
-0.02342629442802992
-0.009909829321307812
-0.5052167585287051
-0.3940748161249795
-0.5043916471387764
-1.1478162450445186
-0.42208855085224156
-0.024267705888001444
2.6909134380345043
-0.8494573258865692
-0.46547075109548625
0.2549882343490145
0.5985553171536073
2.6713085387038094
-1.5611661545830193
-1.4539187500507742
-0.1638647852080562
0.1496434338695795
0.8228354201927569
-1.12101047103411
-1.0306997661917428
-0.01803112409455495
0.11635034546376026
0.24647582129530024
-0.05661825256301689
-0.28129042052968994
1.1891305133504797
-0.5450302816081628
-0.767242401554303
-0.41898425326244426
2.0911038804862208
0.6953489970718474
-0.431982922242584
-0.019741754152652773
1.2179617851643536
0.6336411913312017
-0.40632034629827113
0.019800337085072246
-0.11027415537930398
0.685952402068062
0.16909402853099756
-2.148225619796575
0.4356112191372881
-0.158073037295711
-1.1628263655550959
0.45285049704406843
-0.16532798091406167
-0.7579052041121334
0.1562934895505052
-1.988871097922144
0.19218435307104878
-1.0170831636221724
0.21915208848510295
-0.3175458682508126
-0.6827901839271622
-0.411184085723181
-1.7297881331371403
0.9141393020222345
-1.0516600557971236
0.39621884188879825
2.431090942770063
1.1729184168534852
-3.4241067688745774
0.701721237208479
-0.18350593263212456
0.5368552953989301
0.11064919199269649
-0.7005312657627542
-0.5688169404099208
-0.34666335254714237
1.524224102134911
0.8527214427709053
2.6950653767819315
0.4742551092904672
0.44266275757488
-0.9067250752804806
1.3912419843387442
-0.9357056600169235
-0.7861454447561524
0.6170447900549054
-0.41843953258510236
0.5065611293765679
-0.4138390839268646
2.2503968909636387
-7.2826871113737
-0.06941547197808981
2.552476693943818
1.1141905954851727
2.6694379308182445
-2.1275954278442843
-2.7824820438438866
-1.1139131225828236
0.05329336814187215
2.8735777151434196
-0.918412514967798
-3.4318377045979167
-3.6158841014611163
-1.1917868155449383
-2.2783495329967476
-2.786598914894471
-3.462652317432807
0.3148943358125034
-0.4123921716712141
-1.3036931268638832
-0.9005549619935042
1.847923242358644
-1.460928536052654
0.2071852277322151
-0.10548789225808274
-0.20121439654767473
0.32280257318612127
0.8682273742241149
-1.5762775295395992
-0.3517641229113895
-0.8371016238119752
0.34337046548293626
-1.1060692441041
0.8792569529541989
0.5830339930943141
0.691988613139263
-0.8141602772876235
-1.0341445969628273
-0.930689204479868
0.257629558707956
-1.924898951000938
-1.2854805320157199
0.07037319024166644
-4.709357207277772
-0.11603308137487381
-0.020497271506160663
0.23747813954091443
-5.069914751253717
1.2464855453650447
1.0436614062045961
0.21218004915631658
1.0251159950478277
2.45250925556496
1.6764450291363557
3.1109972624720923
-0.15839454525022717
-1.1973824282262568
0.3318406943363342
0.12721590623872753
1.2893740558732387
1.0864171513713234
1.4514406754473113
-0.21092264989043918
0.2214576646961549
0.2869311992449571
-1.4485141936716643
-0.3507389753002147
-0.07749218885675224
-0.03706669468019838
-0.4388651314251187
-0.07382427199302956
1.121142824395499
1.7610425256641313
0.32883199652760975
0.18914607959266005
1.3456131234960595
0.28767994071088526
0.5356459325078492
0.23962140785402367
1.2896884890669242
-0.24598517965078479
-0.3264543186260109
0.02063939057981861
1.0116977107296128
1.1660358357551344
1.0526590085571832
0.864777257759329
-0.42723755481878345
-1.5849485496607842
-0.029330344807693826
0.6685527851953802
0.5256192451062428
1.562146858525178
0.4844861538744573
1.7730126957204162
0.6550426993730172
-0.3518171764027281
1.9447320240103645
-0.11252606022455135
0.008991760253575953
-0.3639729264620738
-0.4585160528319432
1.2225484644432536
-0.24447158648498826
-1.0131410921209096
-0.5008855003080352
-0.2055768018871554
0.5420702044879715
0.5277963476930773
0.6331313376483569
1.4109723367913212
1.7191921574871887
0.575614675266514
-1.063588582173749
0.8019989638373108
0.660612381605671
0.22566402141800118
-2.388704907231946
-0.6530339009224614
-0.001349788115710779
-2.942126141070472
-0.1606173349143598
0.05260620041367644
0.25218860747206756
0.17088454971377035
-0.6504833420414917
0.18273116139738788
-0.2644531631356591
-0.4499025523834841
-2.799956028801943
1.5249383454808854
1.8511939908471902
-0.6545641854729155
0.49132703288595314
-2.073695218243709
-1.445755745411046
0.19064509058887652
-0.1807659345708055
-0.7643218841686793
-0.2098279022332742
1.8774877091052566
-0.5424373138015005
0.23596479020074165
-0.25497342367219666
-1.815760529031941
-0.8766280797184358
-0.5847092413714003
1.2101986274031413
-1.0959879222878515
1.2705817004450033
0.606232646506967
0.8065438693626462
2.0390106521235083
-1.1714190695005666
-0.6848614755556266
-0.9404556118978612
0.09358787253062331
-0.6558446676753785
-0.7000880104754418
-0.6731495971825543
-1.14432659657465
-0.5093071746995513
-0.008573019556948272
-1.0279695271776055
0.11180133048096444
0.39908554181908334
0.7531995066663658
-0.5508661960836405
-0.7447961662349555
0.0343313614486936
0.7860131551917185
0.38769954800676154
-0.07271007599716305
0.16820984452457396
-0.11873179818140803
1.0557588623033696
-0.31946387524897835
-2.1058313615145967
0.9779197384460598
1.5684801937900457
-0.01497638773050236
-0.7138217964361149
-1.1860165539091165
-0.8053738573062272
-0.8608319573386384
-0.04771399388574991
0.9478834162279735
0.5420982976755375
-1.4923305390326425
-1.1063117889603222
-0.6865814865204035
-0.4461382829888409
-0.27142039123735223
0.3987860167966665
-0.9762137429595292
0.8643425883878598
0.9777258265276367
0.3434459333211117
0.7126790231552418
-0.16850704674122516
-1.253620977300686
0.6540647814017279
-0.37230011242006067
1.0339642102168725
0.6075746262469939
0.1707855356952057
-0.6877873638286441
-0.05672874186607824
0.19022143732732885
1.0628476287843525
0.6160089612986649
-0.02668988391707616
0.7417708365275121
0.13204747951240695
0.11287001100943579
-1.8033919746768574
-1.1885953326429788
-0.5562726014152899
0.0787260580826862
-1.3224850592642485
-0.43136880513547116
-0.13977633456607752
0.9554038155146455
0.30536597826636347
0.33293742821283817
-1.5227959427601532
0.8098409251848201
1.847849812408107
-1.1717941537450107
-1.0719080855251546
-0.2396800327977637
0.4373641602551681
0.4170090944574797
-0.2835756477936033
0.5101843817214905
-0.7288942174603538
1.0067863863150919
-0.12137113757081736
0.09708212760821033
0.22696963696617942
-0.35461742239503186
-1.280956000287729
0.702719205694368
-0.35211998675535666
-1.0984740207015888
0.006037034282966523
0.35504434242866595
-0.7491160801677129
0.16295118765018984
-0.26694843455467754
-1.3544633558349037
-0.46274381636955175
-1.1454403135699998
-1.4543054058530236
-0.497182857536559
0.24007308394465662
1.2198006234709782
1.7881067208759416
0.29542960073196417
0.19977497609533734
-2.2760041066901393
1.3768387540855933
1.9683714445326084
1.7776674712168254
0.6746632510598812
-0.5089384833952314
-0.17387877246247455
0.7772928569434311
0.2294197166033002
-0.0018665150507283996
-3.1213752865035134
3.4137432945534143
2.038116450886329
-0.7505089743619026
-2.190646835495278
-0.6320139155805623
-0.04250646756613911
-0.6770626122238009
-0.3540661975386718
-0.05960773842701594
-1.718857025624056
1.7597418598414578
0.07795359136471433
0.1560053614879985
0.055315555459005974
0.12482223656140602
-0.6500229791199805
-0.6914439911833825
-0.5739477863854858
-0.05930735095128802
-1.029860295178091
2.214276273348208
-1.1233701956692086
-0.7297454189568683
0.48615540145318487
0.3545650673667519
-0.3468423426787837
0.19226064094119644
0.3963937208075139
0.12438879179484243
-1.7098355172363606
-0.331929798450738
0.8314063539315082
-1.3193644687261712
0.773003672902096
0.8838568380273941
0.6488199762429159
-0.08777920824403071
-0.15273235114372793
1.3889802615117883
-3.0806073557334543
-0.8422982171736649
2.41895506549178
2.210705525783698
1.530530055130997
1.7454658128145932
0.9991462759768923
0.14574710233908142
1.3357489174216413
-2.123296425997655
1.0580666353045662
-0.40258945351393916
-0.5886721680595648
0.757344291242174
1.3309739475928537
0.7534265196061406
0.320146943020434
0.14058232244154173
-0.6023673180391184
0.9133981274009243
-0.27309303683418645
-0.6848457916319289
0.44192111964495967
0.5275781736444692
-0.2800003223385405
-0.21000060432817116
-1.9662688249410574
2.3097462627343086
0.3355717685794988
-0.878194707080099
-0.2606638783939991
-1.4954738964897334
1.1247549551870106
2.3421476268529293
1.7065433105778076
0.41830608496504695
-0.5942673863800113
0.02165382363348185
0.730861004676707
0.5927136150149599
0.4157898074856035
-0.39944622345190567
1.2669555705661228
-0.9366960724581648
-1.2933487221574265
-0.31272786668200353
0.6540921207118631
0.0646363593332878
0.4970691868478192
0.6487450701687617
0.7308110797815598
1.5409071638145382
-0.20620912992673654
0.8206215232779168
0.6180697944719897
-0.3299815751970889
-0.17513591834832468
0.17799797189910307
-0.19623646759705182
0.9009826507588284
-1.2742630969576887
-1.2438664726561475
-0.29223279544180936
-0.3464761424187272
-0.22439026184849437
-0.19187980110931568
-0.5849616488033595
1.4262155022802563
-0.9590562567362841
0.7062959018934231
0.07019476294085933
0.0009955559150970183
0.23378978147209054
0.26701308463036305
-0.5993518907568703
0.6232590610679322
-0.549298441566546
0.14371209930349657
0.340469579063254
0.5819381921507707
0.41164145780963723
0.03837075761977391
-0.7616352663361161
0.1783773856865137
-0.6357904108628205
-1.581924470443243
-0.7223325458319091
0.017993360517887236
-0.19582506367116018
0.39574751964805266
-0.009180850447421233
0.04861953306945164
-0.05535919943545297
-0.6935472522364282
1.1120955962582695
0.44174494995778635
0.2096920427282574
0.9320017922066578
2.5254328782861366
1.9155628668411542
0.523945109060062
-0.20013953085684846
-0.32989091523512887
1.0074770088859768
0.21355561632467143
-0.04855301163151433
0.5702293297692027
0.29667625955460286
0.3091727531072275
0.5608618487717564
-0.5570078110664737
-1.0914756910057484
0.10442949598577622
-0.06793111505125089
-0.34686693218208126
-0.1616535108688854
0.5578633613789936
-0.7919932679496853
0.3332681854002702
0.6804231614868939
-0.6209156931837609
-0.5053944622414936
-0.3555174908431477
1.0691696962584514
-0.5107425056181241
-0.5230961207195064
-0.5642854061319338
0.5112993887889432
-0.3300728327533297
0.585736265401463
-0.22482532326687527
0.03853117203719973
0.1902110686959563
0.7657055407337476
-0.050403466130708154
-1.0630193104950272
0.34327216776138103
0.24307826151759862
-0.053237603360795444
-0.5822247808899164
-0.3766456415908864
-0.8441240623510086
0.7708992884513879
0.23449313912752073
-0.047478720672961126
-0.0730731679286038
0.14263939461409006
-0.5773882073201125
1.1428029186326885
-0.8510057936378914
0.17572636661291402
0.9858988469855663
0.271311685874025
0.6766970123768092
0.4560014462620773
0.6440477231608394
0.8856571207534681
-1.097694127865335
0.05206223727133274
0.23766408604511985
0.797638876873418
1.7125762753080234
2.105592580818326
1.3029146963930338
0.5309085694411937
-0.9365385943733414
-0.08148547202957558
1.5536831735415295
0.017766038305170394
-0.08453876028583696
0.3294271380244011
-0.30024976760935074
-0.02309097296481682
-0.3643526092169986
-0.05322216792418898
-0.18448743100082418
-0.1326613413491967
-0.3383509489815501
-0.49463427942944516
-1.7937169039811165
-0.26086585604008916
-0.2598337421329347
0.6713723446062873
-0.3662073077418556
1.8415569153233933
0.01845235217146553
0.2909136141880523
-0.5680161061459678
0.595888895753955
0.24498277670880172
2.40969211610524
-0.19746560271946043
0.19035748317467302
0.130973084111878
-0.7740455654969132
0.5925583247778575
-0.5327225555220523
-0.06396459216302364
-0.25904302638450055
1.3863010264151987
0.015775620615052728
-0.07116299752749147
-0.22182438889875092
0.06489957391857229
0.8761612957557106
0.1370984439423041
-0.20605371912239942
-0.683407747021608
0.6309718370146913
-0.08007333308973136
-1.0103671625991268
0.8397520020480735
0.9148821109064152
-1.2987938971584043
-1.4252841036405566
2.564541984783655
1.0133333566439988
1.0201420870114357
-1.8313863675972495
0.5205858473077197
0.6070792953580308
0.10184895151356826
-0.41574835169826
-0.2917761898536455
0.4302496610150521
0.8013346907702046
0.5877810520171004
-1.7482326280379563
1.5621675726018567
0.8271102501850631
-2.09625024109827
-0.22681394957515727
1.9026171431120995
0.6590773700308324
0.20826499987989933
-3.62368008038094
-0.6838721767766346
4.080409405686374
4.172731373181727
1.5470179803940884
-0.403812568440574
0.43526268791130895
-0.05601484398642992
0.265011162471299
0.32231432286761513
-0.5308507089615078
1.1080992906006435
-0.3539863242427448
-0.6969438222186192
-0.11401777904453991
-2.2057467563441477
-1.0802186987947353
3.4746039153389527
1.1391054228440858
0.3658032911604327
-1.5844767716105066
-0.499835359078854
0.11727854379518882
-1.973802648376753
-0.06384723886352262
-0.6778455952664382
1.5094126244628592
-0.6312098326699042
-0.39678578870903536
-0.6634462397197453
0.9031589527327846
0.20919680525504483
-0.16383454612141823
-0.29607174633838257
1.639703949293681
-1.9945746558064164
-0.5876277120962892
1.4769736470566632
1.061598701674728
-0.008790081703513286
-0.36171829057716903
1.1940545278410761
1.3206427147156772
0.6295433862614208
0.11203064532643367
0.33177845514511095
-0.6486400126757451
0.37879808588366637
0.9887299781209706
-1.3087524858522028
-1.253824807482624
-0.30730739852535505
0.6968283385711823
0.29366409017511697
1.4436845996975374
2.308778391794003
-0.1737978595449617
-1.2003361941092934
1.2840996607933228
0.4121390050411708
-0.12568608575850504
-0.5867569250611637
0.879946264833128
0.5184136930640271
-1.0458284455867894
1.060754348457369
0.18014751877988894
-0.13090982837414974
0.4899286843408978
0.9412779539925371
0.5957963463160713
-0.04096930006928804
0.5482373976601111
0.5956013232273326
-0.7124258055049241
-0.133279590475433
-0.048633731141598115
-0.23086069878605914
-0.47292568821817565
-0.5965174231158746
0.772480884216243
0.008042455228955935
0.1303252637803363
-0.6473856389500404
-0.1273760233075288
0.21277828795897746
0.15363867703715264
0.4977011795101032
-0.00361845016557531
0.09313386910876453
-0.8349900107377727
-1.0426203479656315
-0.6297302490655191
0.07137657840084696
0.8071618060530058
-1.3958784858900712
-0.20525291928199166
-0.30645049245204187
1.7351062780073045
-0.7941825749837547
-0.7132622168990744
-0.41847362837477164
0.10615987771139704
0.4882281577975036
-1.1962691866765887
-0.31222856540552435
0.03195902110779536
0.23142813668447593
-0.4051420875266636
-0.2376198587833469
-0.5993931857347228
-1.4193876187103573
-0.19397066004773056
-0.20740890118283892
0.22659209368668862
-0.5485157277784509
-0.02624825204101178
0.01731573411335085
0.3819873349752899
-0.2560983929331404
0.17279906647693782
0.05102811697036763
0.10953624234227993
-0.04147464758002629
0.17819230262990943
-0.12464075257321731
0.1470121612234772
0.28775882783358936
-0.06720608460115163
-0.2919000671216945
-1.2448278186873263
0.5364382107237915
0.769607047593543
-0.29008558332776985
0.4996540180946249
-0.6296445854565494
-0.664637353375278
-1.381688357328251
0.06729937928203684
-0.21636373754741506
0.4935739328185977
-0.31220651383580783
-0.30357099425463
0.914730824441287
-0.714543541758968
-0.9030497639651612
1.4669298810052467
0.458994054822485
-1.386439700755769
0.9219618398280391
0.19067940426006227
-0.5461667714054182
-0.19917958478462577
0.4284133496468924
-0.9815017244263132
0.13108053105672657
1.0813130923153245
2.355557362761579
1.7901313555339904
0.08999028679922795
0.22976077578463452
-1.3200565482938817
0.131929317637319
0.4634604378041724
0.18353747498795983
0.49293779361261253
-0.3744990763603822
0.5022295490893994
-1.4335823820272786
0.8039927722211896
1.0049904908906535
-0.43126971177710194
-0.7440533695942942
-1.2123993984834276
0.6010297147467412
-0.7522440669959288
-1.6828660576113224
-0.2741956031722418
-1.0208816623607264
2.691080101148823
-0.8640348986010434
-2.7968426545060487
0.7677714208376216
0.694507582675348
-1.4109580043461813
-0.20878626671768
0.8049825216013371
-0.5060726120560312
1.5873949333213841
-0.18429172466396518
-1.980314249030146
-0.8242606706509226
1.2350690527247226
-0.905239666377856
-0.21379228156285776
-0.5643617583125788
-0.05925631405021918
1.8902469630828778
0.10448146032951268
-0.38378392009943463
-0.7260484006739538
-0.8665510145715702
0.9772828493967857
-0.45331482912016496
0.07870088230259253
0.3150796817687507
2.139969176928371
1.949500586983871
-1.8067230266974086
0.2900382338516568
2.1640458100797426
-2.3990513104018745
-0.8680852316418648
1.5808079719476702
-1.2702410898175738
2.1982227174895392
0.3152729247489196
-1.5381420031405162
-0.5411780578309053
2.0747880727245205
-1.5886808253276168
0.8026254224949818
-1.3292859479448929
-1.5033346230271314
1.8050503047201603
-1.0379403169269912
-0.32584574386359844
-0.05019911312509651
0.7915752038762122
-0.4399168385795909
-0.295381833189917
0.10908053111804451
-0.08884782713371342
-0.06341068621139674
0.7072645624630662
-0.39572927817263676
0.7037284484066929
-0.08543524144179797
-0.9239937312348984
-0.38316732446766066
0.010163257165632713
0.29448069814536776
-0.49051363840464374
0.41362058024991977
0.17709514771351134
-0.04153934691716064
-0.6329766810292417
-0.5224776698903072
-0.6048861245654099
-1.4624581547256679
-0.031149008805854875
-0.7794335943808601
-0.374812633044836
0.32927574606191967
0.42215362653797145
-0.011646334680865096
-0.39747377876457674
0.4356907723976776
1.3374663222744547
0.6956309674404966
0.11487088774251823
-0.6770035373639767
0.09024595712395807
-0.7290669560967338
0.312250796980143
0.3774312635910555
0.18134263460899633
-0.6590066858017394
-0.05781048882421875
-0.21603345259801118
-0.03838941061071626
-2.9732351110236093
3.2544493115021105
1.5804789574549731
0.028266651119469164
-2.1785618201963226
-2.0997644924627585
-0.5402880872819374
-0.2695501864159622
-0.17177955905982856
-0.11465154184906458
-1.0298603026836854
2.214276270238872
-1.1233702109865087
-0.7297454452227763
0.48615538699183036
0.3545650172321776
-0.34684232908062396
0.19226064179266064
0.39639370167118637
0.1243887573322309
0.04320867227973872
-0.15187210417114944
0.21041519249412852
-0.061033561747954095
-0.1686417941529573
0.024815261505299408
0.536802437286973
-0.45509151342100185
-0.9475091855853564
-0.29541067796038284
-0.5998965983147201
-0.2989889028547329
0.04810474543797915
-0.33453549441217684
-0.4677977619414589
0.9417994504110188
0.07812549046136842
-0.37700956054190954
-0.08311360094813577
0.556616114508398
-0.35386456353955736
-0.19264504351069248
-0.9645109616880634
1.1250191298214018
0.7916785698170379
-0.9022183480209177
-0.5817515226431595
-0.0802765464293699
-0.005044935907005719
-0.08917125243569694
0.25176458139176233
0.03186485426619528
-0.6081696653492554
0.36436599590677543
0.1568874496280879
0.1952819187197655
0.113231640712044
0.08052221034948134
-0.28134135173584235
0.41271025139517303
-0.20426403163731016
-0.28586799348145503
0.573432123073246
-0.2779153953061933
-0.24722758647736595
0.0017268063345024262
-0.8821972337007481
-0.4679373775780904
-0.11400869964679436
0.027745499958605334
0.03314347598948458
-0.7035955808125626
0.47633250600508154
1.3290321504684397
-0.5430577951094397
-0.5631514706302765
-0.06610042839591444
-0.24195130983866625
0.6327829426379942
0.34711738305733775
-0.6039859006553787
-0.027006465587472907
0.07031288989586809
-0.085610533226297
0.13420618007251084
-0.03872925146158847
0.5265130292106818
-1.7443030868986666
-0.5909497336006101
0.927203867919656
0.7704870839480041
-0.11515705546879766
0.11231010171405029
0.3509546123442754
0.09446442110230949
0.4619115102253476
0.2567624267213824
-0.8289547153041532
0.7788523434162988
-0.7810661202792443
0.5623772343656885
1.3302781547463416
0.9915105364906356
0.33015180753893064
0.0729798938159775
0.008485287378482686
-0.567910226481002
0.7118590910596804
0.3371349958817994
-0.3155770684978523
-0.4966060332173744
0.2261678855036823
0.1847943614835058
0.0322218638489672
-0.19101948856868065
0.4576197591491298
-0.45092496781233843
-0.14698134889996375
0.536277186687225
0.5560358124473445
0.060610404904256385
0.5872024350897158
0.6146494380593402
0.08281891841549753
0.3347914634327565
-0.5147358892233896
-0.2954014534483474
0.08506605711440451
0.7839172564500259
-1.2163678328300982
-0.22392874164361656
0.03977806590701056
0.2418321776461057
-0.5004563690624523
0.018982917672036994
-0.052844538183221684
-0.5671417937813132
-0.6860894025445083
0.2999658173904099
-0.5040720378125464
-0.34266587901460765
1.4242906502471389
-0.18672284343380857
-0.9060624509103884
-0.6443918248407225
-0.676588205513173
-0.21716358633475244
0.058891554397747695
0.25508036284347707
0.026098818443854147
-0.1791604654107955
-0.15900724754224552
-0.39413185177121435
-0.648032501452835
-0.20578185504011398
0.129886861939268
-0.3665560775913465
0.35493037419759177
-0.014294812127911645
-0.11610169546630561
-0.08958890508293127
0.08743385983200083
0.014422575044999797
-1.0549432036378452
-1.702063113875297
-0.8743685535128269
-0.1584829520084107
0.4181431968708493
0.44341153599566663
-0.052671105111050796
-0.18160423910546358
0.4672343109863321
-0.3535890775283583
-0.02096387805643368
0.2813276100327666
-0.19835522525073487
-0.28696126817379686
-0.08251213805151981
-0.8744742897884403
-0.8253857363174407
-0.25384960968197384
-0.2084547976289068
-0.3503926146514735
0.17168207855746218
0.8578041324977926
0.2707400556184365
0.02563330198087166
-0.00950694385167917
-0.05063771413838725
0.24592201353676912
-0.27976287624137414
-0.1434903436016645
0.06944482774226138
0.4893806872165461
0.24575614978230556
-1.3260613571848838
-0.17576133447045478
0.0077854367596373
-0.5199050321343149
-0.13477528293491833
-0.6123040256846508
0.17725969224770444
0.6584903475250191
0.1499399983446746
-0.06404421072287357
0.6099351963846183
-0.06028345882903502
-0.7984730328046193
-0.14233822324000925
-0.01800314367021036
0.003820385243505708
-0.0756823006029124
0.30759649199909317
-0.4870989073109435
-0.3471371852734899
-0.05101848893699076
-0.31620932472073676
0.5891245595881313
0.3465445611694839
0.33926123617375764
0.016776133759091004
0.07654515521621888
-0.004370436755391162
-0.25123826748028716
-0.7394435312095592
-0.2708205115556329
0.1705096080470937
-0.4047579511805306
0.15119542629374727
0.01592210210762051
0.15440740010316534
0.5624836481091428
-0.0754566238816918
-0.18554589137853325
-0.13184809115160753
-0.08064988356945864
-0.09719312475945611
0.1414225614808316
0.021888213384184885
-0.49202593515926857
0.24101842628198328
0.36580824317750893
-0.014313910563199073
-0.23917987708359578
0.2543127741492317
-0.270985292766223
0.23624954100593323
-0.5514645887748488
1.2560646712430572
-0.5079227469114749
-0.5545320115954747
-0.4457638534837803
0.5053802804508567
1.1544298754629554
-1.5283523104874173
0.4631143698693225
0.2071554451468671
0.6540688961641647
-1.6148787512823062
1.3177310798520152
-0.10095568535255306
-0.08455721950720713
-0.3970679144271426
-0.3107096713659956
1.2569558964028267
0.14174311194810302
0.016089686626372127
-0.01876329364827251
-0.10610898334422415
0.3979865118472827
-0.6269693601652759
0.4842512867047953
-0.13493067784827167
0.16659024135998132
0.1314845988531013
-2.5963758532455223
0.9270726875859435
1.1553685646205718
1.3658485041561321
1.44853528014101
-1.362583932627377
2.1777285522986447
-0.12457121694032068
-0.939352564079037
-0.20534157617021273
0.14601099340805368
-0.5581700727726224
0.9165515137657083
-0.6257681672437274
0.21905215241568324
-1.609413941289797
-1.006266381608244
-2.395695862480727
-0.343272387299879
1.0368730645504785
0.6427517155069904
-1.4944693717976938
0.6305904236655682
-0.3227542489902216
0.25033367438313303
-0.5194304699013655
1.0316217383702264
-0.6329960978485416
0.2336204798364863
-0.5183061276614248
0.6404928117928566
-0.3993375584860235
0.2888084675487865
-0.059815617559396225
0.2015460283522237
-0.28601864060446514
0.1680706347908782
0.05395889368784435
-0.18787127768378162
0.25408457668549544
0.5041435461276423
0.7384583854510604
-0.41059195615689875
-0.9512900039317647
1.3264014862257236
-1.4317332783936079
-0.9360088723123184
0.25167154841636713
-0.10064126215482935
0.3312318408979242
-0.23959723190160084
-0.8141294360158469
0.14223219093355915
-0.2961206373205087
-1.1049914139753187
0.7705752169086246
-0.23804922471537157
-0.44548138201729187
1.3170988801031525
-1.0860111911779478
-0.3004857243248631
0.024334768179984513
1.255350414916231
-0.25459339734278585
0.03626139660429761
-0.12550201813198678
0.21344344876957938
-0.2733850588954233
0.3400786625153825
-0.24072893724712444
-0.4400279987636756
0.1370527264437077
0.8291275860874163
-1.9616506411936003
-1.153568796698854
-0.3543856645647948
0.8530090471301379
0.6726239273808065
-0.13858609957079415
-0.42448682388178527
0.7695280828378033
-0.3271284123682263
0.9095723307078901
-0.38932350825229484
-0.6185252720744904
-0.5772416797866599
0.5841119434013815
0.0911072650642834
-0.3994356616126589
0.7968562462496468
-0.7407271829230377
-0.07725482042323974
0.1481374398586351
0.5515772264171053
0.44569051867756837
0.49597294817902854
-0.024694274453715772
-0.27630550405816057
0.6366807977626499
-1.5522026344347202
0.12579415754750473
0.8234603221181951
-0.19907690606607273
-0.11003567962064052
0.26050789298211546
0.11726467791175763
-1.1192906939976979
-0.38738970905784476
-0.7273636174964362
-0.054811261251652005
1.089216825535771
-1.7984140946385951
-0.32389508164739617
0.5749394974114482
0.13577606456622426
-0.28592236212878175
-0.1473462689060774
0.1442972127992955
-0.3806195701595047
-0.19432392682836228
-0.20932103798354917
0.043885851265537325
0.11044950444725504
-0.8283626503152802
-1.0677716027406705
0.3440036121514523
-0.5300195018080103
1.2954246839678665
-0.9547077258898561
-1.5031664027801304
0.015697665915830942
-0.04065154692502766
0.311218100805065
-0.5542545055185525
0.2504217757868845
-0.20214489842249816
0.14485789754432604
1.3048426094852994
-0.6911700010640568
-0.018970540640794488
0.052003093530715284
-0.03710533607736348
-0.04987066047742363
0.09238767246213093
0.04704758568320518
-0.25872391479094425
0.2211912624800828
0.01036545025539362
-1.212443190492909
1.1013863683642686
1.0603358721683669
-1.9729045747533114
-1.792847871112871
0.0015836470877683508
0.020047198242684465
-0.08718351365777258
0.022572042773872297
0.7772399682639751
-0.5244302873812862
-0.27891373839671
0.1813028498314977
-0.5203945042057775
0.7358154853499768
0.0035136165961319834
-0.2926452418486326
-0.38243635038277113
0.9626255472346933
-0.014203194221867997
0.0650045375433757
-0.12714368118363845
0.0862498923685135
0.13937482561252024
-0.3495584655375906
0.11548682069379664
0.45581783525050995
-1.1770746496871551
-2.1477810959058545
1.140592494522639
-0.28584046399476043
0.8831071180397827
-0.8210272618564975
-0.9829045477624296
0.16247029002797708
0.1763327428766922
0.04894528947846146
0.19088920668182405
-0.7917125113007869
0.03535193258380534
-0.1260876647541243
0.19044736434449813
-0.11254432067868955
-0.04717689236419919
0.04464838914996287
-0.00486947831478024
-0.8940757620560389
0.5991369063681978
-1.5933960440808639
0.07154335818259305
-0.7217698255249321
-0.5052544452371058
0.5372795939788406
0.09093950542110626
-0.2854345353564253
0.3055564884441759
0.1160547083406412
-0.56330884238508
-0.2819529299330563
-0.17674711514295846
-0.709201417133429
-0.03230790989692441
-0.13162411140229718
0.39050927599222535
-0.3810941940388122
-0.07908885294650278
0.006147990663371243
-0.6928457514049713
-0.011997804631950524
0.0789418364207457
-0.18328922247465487
0.06220524773738548
0.05683242882221616
-0.11983725893050164
-0.1717293109586645
-0.08385447661358716
-0.01229352177124009
0.06602446129273896
-0.009982401223991407
0.022175704445793733
-0.0263886582818783
0.0027419530272616986
0.034797720077887166
-0.06239693247471068
0.09449572652091941
-0.15533514857303146
0.150868314779634
0.04532718742959551
-0.11359800278229032
0.13958969924582393
0.11354962617135382
-0.764039061342845
-0.3942028613443481
-0.09741042714031163
0.08085349774372297
-0.010348284622342347
-0.09073248679616025
0.14198348181200762
-0.16456103474797557
0.14009642473011147
0.5517946565010057
-0.41833642307509517
-0.6417256134258583
-0.13367543696785333
0.0207485348091939
0.06377903931769992
-0.024505004185846165
-0.2851097247578907
0.1720137176686846
-0.03467695445025869
0.020415344410272596
-0.17451595333317094
0.1554767697295139
