 0.0019808268568920    0.0205326651355857   -0.0171774861496421
 0.0159924490724765    0.0035814481937398   -0.0483763980054179
-0.0202853291481724   -0.0056662413044936    0.0201747257914244
 0.0426941603205596    0.0170905271518307   -0.0734776699020113
-0.0575669362616101    0.0717885292742206   -0.0682536204422093
 0.0277148269047547   -0.0368892673850065    0.0601449540985246
 0.0220936295927810   -0.0473875161499578   -0.0703731249115766
-0.0262744549484046   -0.0126392414660997    0.0368088289462779
-0.0191330534515364    0.0894304229601090   -0.0080025079762431
-0.0634453920141396    0.0025539835735564    0.0038822717992576
 0.1041474674071710    0.0058836363478942    0.0206394202307044
-0.0548561842403182    0.0933820531723224   -0.0674809977320196
 0.0020173071504494   -0.0604345011252818   -0.0239965901254415
-0.0057595711114567   -0.0005223029814211    0.0106566207840660
-0.0390708682370079    0.0141647982698527    0.0263009786489883
-0.0092908387611319   -0.0498267476156840    0.1163640536337271
 0.0816707087575375   -0.0404239167699115    0.0724957036445673
-0.0680636310170226   -0.1155395366458081    0.0512478741355726
-0.0209883824340525    0.0304378809535206   -0.0127738558349317
 0.0074665769005290    0.0313359042771902    0.0314602696877023
 0.0287066458700265    0.0286610875565231   -0.0395894210519900
-0.0260986719475745   -0.0656813032820961    0.0969345773334414
 0.0086786950800974   -0.0389008190451097   -0.0496608815899037
 0.0549526779103102    0.0090321933656453   -0.0273121247906705
 0.0384889423798704   -0.0234480668669300    0.0663329826388165
 0.0404704471695768   -0.0399681095864640    0.1332865190779293
 0.0024085863219013   -0.0243779795044030   -0.0469170385821553
 0.0195895021980995   -0.1080448030536735   -0.0206856705971028
 0.0101028499099847    0.0071007688400019   -0.1161829069367921
-0.1210330861812873   -0.0105262536916626    0.0749671790224591
 0.0988543354049980   -0.0427758442782945    0.0066138486159794
-0.0447910724226472    0.1625233399131734    0.0503548638911979
-0.0615605449686358   -0.0742982026774576   -0.0084955168958897
 0.0569834943265632   -0.0042090557057741    0.0473388384077444
-0.0475138322777934    0.0393119204412963   -0.0558753304693615
-0.0013111286330023    0.0278643828360754   -0.0141219125103639
-0.0254403266549489   -0.0062954738113990    0.0241920469246756
 0.0169377104812269    0.0334981249092557   -0.0720687637899470
 0.0549187437338081   -0.0364805506000181    0.0280692021089249
-0.0624173866720650   -0.0025185121422494    0.0153721600961869
 0.0417272426765568    0.0278061996490565    0.0807313506610544
 0.0173723898922578   -0.0648992584221700    0.0147649873511291
-0.0037011128051624   -0.0119904494667092   -0.0547143327010506
-0.0086936172815932   -0.0967436465937855   -0.0833723799962265
-0.0143403964924809   -0.0054758413204281   -0.0422358726674419
-0.0712195230873269   -0.0111311993547927    0.0266141734312839
 0.0368420003110060    0.0209299871756646   -0.0719605473055688
 0.0163781959787205    0.0070813483170674   -0.0063628311191206
 0.0114898590498741    0.0178890619998005    0.0003631368543038
-0.0311271551275990    0.0217508119915277    0.0135802334242633
 0.0136681643286479   -0.0285034138934666    0.0153406509712784
-0.0152138533291745   -0.0211636537073947    0.0161631316607539
 0.0606169796631286   -0.1032719840634207   -0.0439390248559486
 0.0224986852346437    0.0152116349493361    0.0492833699705714
 0.0251016321229635    0.0488988328376359    0.0385170485251868
-0.0530848323895425    0.0228353635385361    0.0790626204196872
-0.0645209148020071    0.0085325283051968   -0.0345278525399735
 0.0169944341560394   -0.0266732765019907   -0.0083623077151011
 0.0464985997614809    0.0311436523718146    0.0223711943732327
-0.0381875855951103    0.0695449704594497   -0.0895997144880796
-0.0023297162300957    0.0238607116064234    0.0124528525207582
 0.0015991365529590   -0.0754288651582772    0.0170041876008150
 0.0319023152168440    0.0299802831316168    0.0110590037759188
 0.0415784591069763   -0.0463755754052391    0.0019084284698094
 0.0196769324436404   -0.0381361539411194    0.0134677502054719
-0.0633630963645930   -0.0151197654856786   -0.0628624543470557
 0.0904706649590746    0.0022239874435120    0.0060691636936338
-0.0066608752592893   -0.0470586158423194   -0.0746340132008786
-0.1019877752084149   -0.0156855978119424   -0.0062162194758810
-0.0636724764094250    0.0036571517947794    0.0389118698781434
 0.0451661984624828    0.0048420335786730   -0.0134722110897048
 0.0224557307564720    0.0622027760633420   -0.0093683608909615
 0.0122698351450852   -0.0089508214461324   -0.0161579457322873
-0.0125284518642096    0.0264214754232990   -0.0189308284441005
-0.0157985125497342    0.0221991346706949    0.0343394625097107
 0.0677724619937333   -0.0571033505224839    0.0234938718804496
-0.0568041157131563    0.0314922036964480    0.1094197525963875
 0.0415300276050498    0.0834807359909870    0.0364552168495478
 0.0647618921021104   -0.0007609367074862    0.0011374308009103
-0.0463862298774333    0.0099497107002759   -0.0578160111600051
-0.0763851129794145    0.0507269679847680    0.0710457072180298
 0.0166621836703626    0.0247857867592360    0.0029501734193894
 0.0194986665512019    0.0251645313047805   -0.0548489663079615
 0.0079553922960466    0.0317406480926028    0.0215257131964025
-0.0503952695648789    0.0236524006299449    0.0750383202100673
-0.0424243425644312   -0.0380515182280818   -0.0565633983359584
-0.0283725909826417   -0.0568413521392980    0.0366847651657757
 0.0616656675390554    0.0478194729230674   -0.0072470868698211
 0.0243741722221619    0.0125289493545349    0.0317992985055324
 0.0209415631739658   -0.0410442675664888    0.0292874122112720
 0.0329169321193176    0.0501524356430974    0.0327216240930449
-0.0492511232001790    0.0368729126027806   -0.0116170995721944
 0.0134764275492044   -0.0086712374133452    0.0552378058620728
-0.0213615032475369   -0.0046924212185694   -0.0537512374989276
-0.0042158966478107    0.0480955777184551    0.0317967020540253
-0.0294645404618566   -0.0419688927491994   -0.0112566428019204
-0.0282039389513748    0.0175348923990458    0.0212665420542278
-0.0241415818236130   -0.0492220456539348    0.0193002408473672
 0.0132422638009365    0.0429143027405081    0.0407549961402626
-0.0003211708424965    0.0060194427283382   -0.0305907119464956
-0.0172231217189334    0.0454212728185369   -0.0304232341871088
-0.0278237405888914    0.0380923242319062   -0.0535321625327057
-0.0510518325805534   -0.0637297781459946   -0.0401810485318211
 0.0148587076307577   -0.0218951881669119   -0.0320102484878741
-0.0245048904689995   -0.0496541030549844   -0.0235074015699548
 0.0412412067389675    0.0340838331140104    0.1237636855514832
 0.1020910662623584   -0.0003936750526194    0.0379725671467626
 0.0448789836975117    0.0270201103901013   -0.0669875903407776
-0.0303233828259619   -0.0771839106591703    0.0279136338150146
 0.0443584069023159    0.0264373227478037   -0.0093490901130444
 0.0330519223716749    0.0080296156640090    0.0114932108351431
 0.0320355403695106    0.0252668492227750   -0.0288870350757214
-0.0479616300250258   -0.0303139781206381    0.0072931818862322
 0.0376539643186979    0.0678589215722056    0.0101899530484576
 0.0064097994072201   -0.0268549494844142   -0.0354796814916681
-0.0192053302597275   -0.0314296757044947   -0.0140636774204979
 0.0390399879381965    0.0019421258569416   -0.0311875704447157
-0.0291371960108711   -0.0200802902003282   -0.0465280629163274
 0.0110383991786227    0.0729720132061475   -0.0189610750424481
 0.0092443138017273    0.0160223571720483    0.0150517560951007
 0.0173842114036607   -0.0108525518770483    0.0328811593793967
 0.0050498871411498   -0.0633153734316041   -0.0756880028184178
 0.0204434730593337   -0.0645709192384067   -0.0090162880580339
-0.0206944189852272   -0.1798863960225471    0.0969361509331830
-0.0150974986722932   -0.0045569152283062    0.0069713036691551
 0.0205476575535485    0.0044723371054913    0.0121046878732554
-0.0077411246312652    0.0686749408792267   -0.0391265583392976
 0.0368636907471194   -0.0704768611044513    0.0602346460387432
-0.0305586852216517   -0.0218309948768379   -0.0041945869033510
-0.0428822256426432    0.0027692902067641    0.0139093581456516
 0.0574062557121308   -0.0385163430715206    0.0131045239869487
-0.0340992337721109    0.0408922432895507   -0.0594664150686746
 0.0134015826163854    0.0132340851949646   -0.0026469490436708
 0.0227663286085925   -0.0564734872900386   -0.0323618227433785
 0.0074359223444167    0.0294395684110960   -0.0381768568379273
-0.0092058974283440   -0.0648777774193459    0.0240675636960510
 0.0256690104455751   -0.0434901927567733    0.1061160562183386
-0.0820132990939111   -0.1214557545757543   -0.0443885117261007
-0.0840531006356909    0.1002912093830137   -0.0119039081308534
 0.0159317679014493   -0.0116375485502078    0.0083339109417008
 0.0202418035437658    0.0095334600111280   -0.0750598278269984
-0.0648767300298771   -0.1125892409613372    0.0348837308964571
 0.0121670461790941    0.0439479122836459   -0.0214114348314512
 0.0243149981174102    0.0618368836887776    0.0492996191315861
 0.0238052677746338    0.0361964873212886    0.0227998175163753
 0.0159562270719329    0.0330494997227607   -0.0037922663637264
-0.0613921945437489    0.0303994052435504    0.0294526643038991
 0.0202950189955961    0.0035232759627334   -0.0128633707046773
 0.0733968880813355    0.0337217028161693   -0.0435979123446245
-0.0133576138932727   -0.0626907766165124    0.0092048146453107
 0.0056379903505845    0.1111744701422022   -0.0203392314910100
-0.0115105160770077   -0.0441720950409643   -0.0636827006326895
 0.0414987728657514    0.0562679245328859    0.0614699496160276
-0.0256633122976915   -0.0603246821956175    0.0572485240354396
 0.0062911200559449    0.0548943238708161    0.0296309913114263
-0.0288251003111625   -0.0389748874071940   -0.0151645481838293
 0.0543357535965980    0.0347229261180878   -0.0733515336555138
 0.0054394575574190   -0.0083492904888281   -0.0317032132450127
 0.0173430177042554    0.0431849748845441    0.0293299559966499
-0.0189370902841780    0.0105320723133725    0.0223801667448157
 0.0588016886852999   -0.0052358490972149    0.0602759513852249
-0.0700803977662680    0.0394059455645715   -0.0357259751397307
-0.0833553306491853   -0.0665131719933176   -0.0027903740079934
-0.0254716586256150    0.0111726503343747    0.0207736025831682
 0.0128994645561428    0.0557903191592788   -0.0090100899340279
-0.0097290886857218    0.0371756799145824   -0.0396989944683670
-0.0319510828856588   -0.0701002477039166    0.0603350651242885
 0.0754003717265496    0.0548869141095892    0.0771364979702675
 0.0399441854277549   -0.0091422142372896    0.0215183369015663
 0.0351232180197398   -0.0635981011870029   -0.0133988501697467
 0.0141074849969299   -0.0734502428818422   -0.1079413497951739
 0.0174264535452232    0.0653434177145577    0.0128254267880496
-0.0861273336363134    0.0744631315960179   -0.0596441357045312
-0.0572789802493711    0.0023023383556723   -0.0286634527888700
 0.0824342587613160    0.0227928782412251    0.0607774102849942
 0.0840007122225818    0.0339236879292971   -0.0618775326052176
-0.0802950956728961   -0.0360141340929096    0.0191767445225464
 0.0467730730658824   -0.0051978779780229   -0.0730795834921179
 0.0803285163217575   -0.0650591532069493    0.0501193082541345
-0.0575588704358649    0.0356825374894619   -0.0191786718880462
 0.0614960868495303   -0.0148848323551858    0.0162508958604426
 0.0088865161933446   -0.0267918781384964    0.0146873335175819
-0.0186751280009286   -0.0218357786412036   -0.0081563035993776
-0.0393843227156789    0.0221401563140977   -0.1089797705056122
-0.0979412040547584    0.0193139592264705   -0.0122679011400538
 0.0748358020843323   -0.0708115919472873   -0.1249032848721335
-0.0311730341693922   -0.0242148567028258    0.0006862110097442
-0.0667943470884897    0.0691182858276056    0.0544132597041792
-0.0509605189619032   -0.0345556095917878    0.0279587008675960
 0.0264640306930826   -0.0365401619773988   -0.0480758169798357
 0.0024077499100585   -0.0159348222090572   -0.0561930445591574
-0.0104731780713051    0.0056524460486396    0.0010381533388985
 0.1827309253510964   -0.1294730705178088   -0.0535746406753286
-0.0347779455763837    0.1214759240607629    0.0628239534328667
 0.0217181327837418   -0.0324796999713867    0.0457629281437648
 0.0285844622249494    0.0129259811044878   -0.0306599487014655
 0.0463416774628075   -0.0847087973389162   -0.0899600612834993
-0.0198065898154508    0.0070801185550764   -0.0119710915945255
-0.0382003439403581   -0.0645761466443451    0.0253568735420998
 0.0235854007576853    0.0629613747875723    0.0268343389227282
-0.0310682592899006    0.0584504001503362    0.0396139843311817
-0.1305754941911584    0.0165256403438208    0.0931267200399952
-0.0212027177633069    0.0577970213309431   -0.0862130077405352
 0.0523020863841483    0.0637324960684059   -0.0087290054618798
-0.0384810818224448    0.0506765072981786    0.0674977516990660
-0.1573843247994524    0.2831256544127704   -0.1744921925501457
-0.0861195180367573   -0.1551837945494871    0.0599731599531247
 0.0328226831962467   -0.0008419796351800    0.0034429780166602
 0.0089219825599294   -0.0246817252375252    0.0450271691006361
-0.0065955421385486   -0.0475821106823393    0.0141415875010333
-0.0430365784599574    0.0343109189993207   -0.0183858759060765
 0.0298640396941346   -0.0412191980788349   -0.0508722817976935
-0.0057699085363678   -0.0369325101014232   -0.0102782190552586
 0.0767403549645048    0.0030335046611663    0.0405798774971200
-0.0224258302312881    0.0555430286896456   -0.0661115629549335
 0.0024061521952832   -0.0624748729473474   -0.0271360914539241
-0.0283419097427710   -0.0396230244726999    0.0149667626266623
-0.0090753478032959   -0.0098509818899486   -0.0424405571690622
 0.0095583319802113   -0.0149961909294979    0.0324867383127682
-0.0284891988129643    0.0369186621992099   -0.1050351992795533
 0.0687413664703252    0.0387115206753045    0.0417969531043357
 0.0212854445858802    0.0758531373714246    0.0330536335756128
 0.0101264214313149   -0.0316085611327717    0.0620135007356770
 0.0679545459758839   -0.0059486024222256    0.0104991027010782
 0.0854635960862198   -0.0296358015052212    0.1011933222858370
-0.0585003660640663    0.0365967575860657   -0.0171608466275777
 0.0141509384684211   -0.0300149417804768    0.0576658969272320
 0.0216772383520163   -0.0513669137238016    0.0521791130235001
-0.0509871255063810   -0.0560814135959295   -0.0736783742327985
 0.0926436703283416   -0.0309920095007035    0.0004063597959991
 0.0026052031692827   -0.0338892799197734    0.0021813508678254
-0.0607435248575421    0.0234005966488021    0.0124224845716505
 0.0651671188467488    0.0005229549550630   -0.0364235950224170
 0.0287669722889409   -0.0158828082602189    0.0081594581802336
 0.0177081359896311    0.0233320041097819    0.0101577456085116
-0.0178849629348408   -0.0204213703574702    0.0064706118518609
-0.0273669177967896    0.0030631078466960    0.0789888903164238
 0.0458889774670137    0.0211117585758758    0.0178874577546779
 0.0172957802730689    0.0268610442892536   -0.0024221601037538
 0.0544932150470171   -0.0346667357004309    0.0196706475254383
 0.0257744982858926   -0.0202251219582379   -0.0669954929281350
 0.0387172509678295   -0.0077861559924890   -0.0916540993869831
-0.0025778932630174   -0.0335001025832417   -0.0685962727134338
-0.0164722573875579    0.0381445495291812   -0.0016624177618381
-0.0197152877840406   -0.1078229934474015    0.0199541594289050
-0.0268848901663371    0.0799228720414299   -0.0223465908053859
 0.0537315040186203   -0.0295280872018086   -0.0585664146947177
 0.0722374036526066    0.1387477506227778    0.0087886666603290
-0.0061446472362809   -0.1024247356895271   -0.0182584362939702
 0.0447025554842014    0.0796969169696898   -0.1229719650530060
 0.0550272399672310   -0.1166088476933423    0.0317315750426467
-0.0168669155623611    0.1540797695405535   -0.0068316368799111
-0.2303285516441761   -0.0920790392635630   -0.0957700618519059
 0.0473228226732874   -0.0143873750849569   -0.0432710449490062
-0.0566575789343389   -0.0344450782279605    0.0351408199842797
 0.0380980491606025    0.1120095115225696    0.0151334946169780
 0.0614767792351602   -0.0018083964164050   -0.0723932500404713
-0.0255247142042408    0.0895882759592577    0.0269047368513693
 0.0979392299620745   -0.0429747642803788   -0.1083738140612928
 0.0455623042124544   -0.0271225790069290    0.0335867255701461
-0.1157982178085481   -0.0200266898387979   -0.0418395485847485
 0.0436900378410079    0.0626918506994419    0.0222920150848200
 0.0582565923306931   -0.0035377858111953    0.1042612066496403
 0.0269008244864127   -0.0695780980897185    0.0667499772032812
 0.0060829991817571   -0.0538047275392529   -0.0331827453868409
 0.0125322739785576   -0.0499352977270118   -0.0210331800284292
-0.0556294114001131   -0.0442172594389932   -0.0193316443792845
-0.0152599043780062    0.0028463415467961    0.0580983148782438
-0.0489392102943141    0.0209567572444416    0.0154441308117895
-0.0158908077050763    0.0210055535958812    0.0894475110977993
-0.0107854870311066    0.0881696670699656    0.0368976443750689
 0.0907145657769937    0.0014080339634969   -0.0293990962215021
-0.0574523090414378   -0.0313062173198893    0.1078672773365794
 0.0175418778162989   -0.0114745288705501    0.0327629136153656
-0.0641661043654359    0.0422772283671293    0.0539078682458738
 0.0350090097176438    0.0761111909985040   -0.0602441913635193
 0.0061315095772578   -0.0042219561646909   -0.0644766992879470
 0.0631432723466593   -0.0146669357369579   -0.0424992846419199
-0.0683859016076067   -0.0013243468201408   -0.0353594367163637
-0.0016712099212180    0.0182535091855093   -0.0543076822871167
-0.0276352898605022   -0.0207121077581664   -0.0534247060455926
 0.1437178196120335   -0.0573938345250007    0.0238834284569284
-0.0751025857209551    0.0940947729467850   -0.0329685922877974
 0.0618745319175407   -0.0386578080166649   -0.1090194009873557
 0.0650208330378128   -0.0173355347151237    0.1164309171257705
-0.0186708495544324    0.0845397060904885    0.0308990207828966
-0.1182125579280470   -0.0047287441715204    0.0355433502781792
 0.0489649392324321    0.0778733813553515   -0.0676918665669736
-0.1188876722397561    0.0401368898230066    0.0576788206181491
 0.0058587145698337    0.0452611615559979    0.0329820527712759
-0.0403192134159509   -0.0860817897413823    0.0630757192316050
-0.0415070125716321    0.0077312366615708   -0.0670349206601808
 0.0679918323261737   -0.0016654974169337   -0.0507312608592558
 0.0089533771323870   -0.0246982357392557    0.0466946663999779
 0.0012833131056136    0.0877578434233159   -0.0559028642234611
 0.0398628694991216    0.0787864410416834   -0.0078362617214960
 0.0214094531422994    0.0226697579013470   -0.0775727038457253
 0.0123743144328775   -0.0694559989460663    0.0494702585147998
-0.0271676361645964    0.0005328323052902   -0.0356988725622034
-0.0251092126583920    0.0322262594710646    0.0349028159884440
 0.0780742746748117    0.0383847440261670   -0.0128946205021143
 0.0015968309703823   -0.0165782293243769   -0.0130765936456013
-0.0220608549452016   -0.0411414237427892    0.0042814694672552
-0.0231826136705183   -0.1672547296591753   -0.0479344345760748
-0.0426922268764601   -0.0612079330543110    0.0693844619528124
 0.1275283311660884   -0.0781102283149949    0.0404265024514461
-0.0525236108758654   -0.0421225635819917    0.0015396644100842
 0.0712960133520828   -0.0177463186468239   -0.0057794274093690
 0.0052305112724619    0.0149384143930567    0.0400509674595875
-0.0027602402934602   -0.0268553129801842    0.0228210927904243
-0.0419003698168562    0.0659976656852194   -0.0601031350696994
-0.1005587890667801    0.0638421541004299   -0.0669389637074125
 0.0410074952574398   -0.0380583336191740   -0.0396344993073318
-0.0193096197216289    0.0168819432565168    0.0233739535273615
-0.0615054813660965    0.0470318949885174    0.0396234234932612
-0.0064093074148453   -0.0287810348140742   -0.0698807279229389
 0.0532418751200918   -0.0104847644938918    0.0899607907569410
-0.0782371824372745   -0.0659000464556171   -0.0584237210084571
 0.0790324657378012    0.0400312031299772    0.0110132629366121
 0.0555774894953815   -0.0179174413588580   -0.0330720638675595
 0.0007653109948515    0.0656260945400569   -0.0552632469709053
-0.0100440172502004    0.0327944675226657    0.0252774254628022
 0.0414968234398981   -0.0353675836712717   -0.0678714628255503
 0.1315345125333026    0.0626109085577954    0.0302743793888345
 0.0050246205084101   -0.0172690409002077   -0.0287590187124640
-0.0070020466871827   -0.0903490390193427    0.1263903181984684
 0.0458804115681660   -0.0109996018867980   -0.0261180542711841
-0.0324478843176304    0.0435335626605008   -0.0723016936817066
-0.0217780429071297    0.0307324069062463    0.0005911737868815
 0.0050710232536608    0.0408692847827756   -0.0078833192182018
-0.0435855157509702    0.0684980525345732   -0.0009210812213586
-0.0676214003493237   -0.0120369460588858    0.0023146295168170
 0.0915273653486269   -0.0518603739331033    0.0117687036356458
-0.0179261975861639    0.0446094463587760   -0.0345020218489679
-0.1205277101656228   -0.0943000771919812   -0.0134045231047889
-0.0211628471233822   -0.0328392206191120    0.0272170083593545
-0.0574658643878069    0.0493892638692825    0.0158876836349698
 0.0010547618767942    0.0502212917804555   -0.0889491449860681
-0.0313706071602930   -0.1058513721749249    0.0383718184115686
 0.0725432940675907   -0.0100378155780544   -0.0642030840175906
-0.0732498480130167   -0.0538955039110953   -0.0520032534188992
-0.0515155370709799   -0.0829145613575083    0.1365459919629025
 0.0634088750954016   -0.0054523758547865    0.0432347260659286
 0.0667649105232660    0.0467809133377849   -0.0136471252110667
-0.0437200010206828   -0.0303520982572054   -0.0122842152344863
 0.0089996375773878   -0.0226207271329866    0.1174519503115785
 0.0163042332174942    0.0141218083845046   -0.0206109270397615
-0.0023035363095630   -0.0194076356828604    0.0029703635251139
-0.0179583981425909    0.0853788042034549    0.0259587111197271
-0.0349480921502838   -0.0002110995855781    0.0553723363372536
-0.0505974993842105    0.0375611757861310   -0.0178494474061133
-0.0087295045702150    0.0724762540717694   -0.1210775254803994
-0.0267658361883258    0.0544696540055660    0.0563437735723523
-0.0638245164821065    0.0261278349429103   -0.0537363397165681
-0.0329402527523907    0.0537797450121270    0.0802981250988596
-0.0392075923243894   -0.0150432593646538   -0.0028424567478444
 0.0043325438000643   -0.0084522172802764    0.0338425526443719
 0.0261257140330927    0.0550280387219768   -0.0023975950670377
-0.0253501127414473   -0.0547368115339555    0.0717275698871700
 0.0418263727939822   -0.1011488643864631    0.0933248072313774
 0.0129856131538844   -0.0379625881443607   -0.0785477445912891
 0.0764948168271491   -0.0456453791753452   -0.0465152816651446
 0.0137814755551079   -0.0623992407141765    0.0608444344677078
-0.0689685087663994    0.0712851767775367    0.0834073149733057
 0.0365717338568445    0.0115096133042648    0.0057809210042567
 0.0463608073725490    0.0135916994629062   -0.0366305985240540
 0.1048457776222880    0.0835141166630846   -0.0777204597221969
-0.1429419699503904   -0.0807373038991096   -0.0695033894507457
-0.0101039778476310   -0.0067909299215567   -0.0205823653279602
-0.0458558120249266    0.0203965763312285   -0.0190038158349645
 0.0746886839047986    0.0554806969845831   -0.0537220565612738
 0.0455253719635893    0.0673760250449719   -0.0460907112280744
-0.0699793776859706    0.0011082485431017   -0.1133744998232912
 0.1120263836287895    0.0403023679701352    0.0931582910081587
 0.0816495925092704    0.0746308098027449   -0.0515212050005630
 0.0641102102905481    0.0350478026247219    0.0490099744527837
-0.0121159615040724    0.0680718769887054   -0.0340898919565341
 0.0007019653110968   -0.0191377774259260   -0.0421194950959027
 0.0153339349393208    0.0116343748471323    0.0154713899234974
 0.0453235532832212    0.0033816179984854   -0.0782382944852025
 0.0310616008737981   -0.0981854546154735    0.1184836018300375
-0.0137356948711834    0.0135444637002936    0.0460332735169043
-0.0088609667146965   -0.0261866661742300    0.0041904420693428
-0.0317921413014554   -0.0359520734861702    0.0432319683460829
 0.0030768676929745    0.0953766054165019   -0.0324634134054177
 0.0012094269673181   -0.0508051424119912    0.0597893887035186
-0.0559763811655300    0.0489874374089154    0.0255178802720662
-0.0068639749958187   -0.0439091011306906   -0.0327208693614650
-0.0396583704944821   -0.0178316340957110   -0.0074173262540747
 0.0238829769748145   -0.1034852902698121    0.0492875934351291
-0.0291144120832851    0.0376208941253332    0.0578887661804654
 0.0167200880870019   -0.1198379037668365    0.0045887898615469
-0.0187876577048547    0.0495453077874936   -0.0865546407218492
 0.0000553368006991    0.0117273449998176   -0.0909682406621472
-0.0075592748689575   -0.0210149103838057    0.0610425681401326
-0.0007636387218281   -0.0252755311044012    0.0031674538087037
-0.0038604495298908    0.0057018359152436    0.0383679981440241
 0.0502937881311395   -0.0390856477209583    0.0989543653214369
 0.0105664085016932    0.0117083896867692   -0.0322632211714621
 0.0585790910580394    0.0506897282787916   -0.0045145661718143
-0.0885456305322785   -0.0955843356036731    0.0365926587348862
 0.0923903206169588   -0.0133272080751889    0.0171900106717714
-0.0588396136850302    0.1067635965193943   -0.0234308772077538
-0.0199401519758202    0.0561792519329923    0.0244244518430330
-0.0505912729285941    0.0867844555348778   -0.0319347582952237
-0.1098876311245496   -0.0586963653325389    0.1412786366341400
 0.0316633049787639    0.0074673501528716   -0.0717439341246858
-0.0525105660610306    0.0038013335140186    0.0221573427772631
-0.0037486829093014    0.0213950054095878    0.0191808322571037
-0.0162462349273501    0.0304187649991607   -0.0306525718820913
 0.0916136322221949   -0.0099033442343619   -0.0396045776533903
-0.1013882139117118    0.0480140203365010    0.0305324766527698
 0.0443359643205609    0.0689127299212304    0.0712315889045094
 0.0330596092407277   -0.0421972214268719   -0.0943307275192058
-0.0084267321220296    0.0039788851107041   -0.0409986448048401
-0.0437885452795774   -0.0258067601192884    0.0263663390454299
 0.0655587310284242    0.0375154043470732   -0.0035014091879925
 0.0287120617006720    0.0237532853161730   -0.0482775963459911
-0.0194841019159874    0.0032729919385828    0.0140958787659830
-0.0295813479643576    0.0041084330675924    0.0382021026683400
 0.0405187622669098    0.0579581924090673    0.0121950337101825
 0.0027660800037867   -0.0955994588434458    0.0723179442163227
-0.0879951015715978    0.0042006790965537   -0.0989425710453666
 0.0601219809166871    0.0602432964969905   -0.0756921019501821
-0.0047225474588535    0.0068463092017780   -0.0115982896994614
-0.0458678169887963   -0.0319044521801222   -0.0136170568564843
-0.0069859454000558    0.0319972205706971   -0.0095423512889625
-0.0655407080853918   -0.1570158118523272   -0.1531224861626645
 0.0211988941140455   -0.0741118297766108    0.0293220452971371
 0.0061846171059013    0.0284316212850097    0.0625971640946259
-0.0481403092261099    0.0108936459037072    0.0164975984741715
-0.0327560742406532   -0.0452272482807364   -0.0043771858870841
 0.0009682665021238    0.0076120451641319    0.0435692289359819
 0.0186332972748462   -0.0163952617461754    0.0580568935178068
-0.0217396333423725    0.0205907579077603   -0.0437753127229778
-0.0188956665653681   -0.0952296573295395   -0.1136406121636048
 0.0159728677548294   -0.0321396662027061    0.0366881947401274
 0.0935377162767801   -0.0340796387308749    0.0382967161099813
-0.0621453966680586    0.0095062156932648    0.0078395953296469
-0.0937469318976780   -0.0958387471358579   -0.1564755778480064
 0.0258287545362414    0.0674077209396710    0.0759107053504537
 0.0009533662038261   -0.0491384324231511   -0.0418345869916705
 0.0294700966371766    0.0893165884157236    0.1034688214899619
 0.0060581882956412    0.0603791637831999   -0.0186303157150653
 0.0220921929919440   -0.0478098926952611   -0.0304505781240179
 0.1117623571346838    0.0017768453143839   -0.1031599663260639
 0.1080860660427885   -0.0148740676611766   -0.0364812952183901
-0.1159050235792466   -0.0303622190543435    0.0422894230898512
 0.0816009867722104   -0.0062526616903556   -0.0216148202551437
-0.0234913297332855    0.0211919327413150   -0.0687988889484805
-0.0274738508749328   -0.0402224423805747   -0.0378492333462419
 0.1157683767315083   -0.0092911228635359   -0.0377875452092840
 0.0914432896857785   -0.0134243041697696    0.0945731294128786
-0.0380291837144991   -0.0000464452452246   -0.0137932397029364
 0.0281701600172511   -0.0046438069314474    0.0033252321669163
-0.0577920666789734    0.0954717725745926   -0.0575996802135965
-0.0193999320077160   -0.0645679603887509    0.0095505440823616
 0.0771828058223886    0.0289514404561820    0.0507973409434697
-0.0768602358356518    0.0739935015208168   -0.0252252353245546
 0.0793212470172988   -0.0146068627725209    0.0319234379784452
-0.0095385182283668    0.1025847568412954    0.1233552064317847
 0.0510233487341788   -0.0570868524888977   -0.0151364349818179
 0.0155784583568477    0.0873830224486763   -0.0568032851628904
 0.0166897372624654    0.0179085216146729    0.0548049169779825
 0.0145064102487750   -0.0447539166353982    0.0615553055446880
 0.0372881989871312    0.0156525882343793   -0.0008123626842361
 0.1167931276414087   -0.0615763550946728    0.0964200253947295
-0.0340973452167575    0.0973367386024500   -0.0745305969573587
-0.0016315650310679   -0.0425556472482138    0.0206853670387674
-0.0526168577672796   -0.0690995118455835   -0.0673449575721638
-0.1268255338893823   -0.0976036443857709   -0.1545383189753489
 0.1068648058203310   -0.0584900871097346   -0.0000401166424463
-0.0358447051025565    0.0454462670452374    0.0194953066690566
-0.0472351306396974   -0.1012347015802067   -0.0039343963082195
 0.0055779523305146   -0.0462975736915303    0.0244944071385779
-0.0293083939133291   -0.0090830987474732   -0.0009364071505189
 0.0357085735171388    0.0907436457056100   -0.0233561603494463
 0.0602396715680099   -0.0340587979164319   -0.0308230075099813
-0.0136989636863593    0.0227401402822809    0.0126120222778112
-0.0096628474041340   -0.0477128363325993    0.0373725146314980
 0.1458892437533514   -0.0255223982501237    0.1031083486849832
-0.0428450079386190   -0.0140159980680137    0.0007658585509952
-0.0503681422292645   -0.0810900668754228    0.0500586903556881
 0.0526878293435658    0.0438480084880050   -0.0383442603236483
 0.0255177495427363   -0.0009729918930481    0.0167837146240771
-0.0328249542061013   -0.0330722650104908   -0.0172583514941926
 0.0122338218047047    0.0237993861339413    0.0038855824749098
 0.0478241890161758    0.0417322923845983   -0.0060575927189858
 0.0085294960801303   -0.0252067139044902   -0.0490607447496347
-0.0871048623730110    0.0293412054686282   -0.0291930067715742
 0.0185975624726149   -0.1638475183735322   -0.0209344078351569
-0.0412077144154811   -0.0507500454708026   -0.0574466469397081
 0.0537525962572378   -0.0035732169511417    0.0198843445671874
-0.0764151402295715    0.0666879175208849    0.0677083678808713
-0.0185107171501833   -0.0213395217052873   -0.0441997353199818
 0.0770516802713574    0.0308988067216192   -0.0210162836062405
-0.0080756448252542   -0.0159869691652584   -0.0490831777796493
 0.0224015042277476   -0.0422709592093575   -0.0299343912315951
-0.0785274729299514    0.0191840257332522   -0.0221297606839737
-0.0128428979883341   -0.0531246896398441    0.1074390928947423
-0.0190341572553649    0.0219223995660730   -0.0146459057912820
 0.0058782132810707    0.0286531664283062    0.0639381317425591
-0.0279937769127167    0.0002276885251103   -0.0167980008516160
-0.0631703806586574   -0.1000442546357161    0.0160325397108120
-0.0339693792280336    0.0681705440750495    0.0551650258385833
 0.0345282741298808    0.0089746599371033    0.0193022575864415
-0.0110753510289781   -0.0682374555800913   -0.0147874262632334
 0.0228241478673103    0.0807409857685531   -0.0754108646463383
-0.0376230241959636    0.0077517932614370   -0.0148441921140527
 0.0115407648715295    0.0447611790217920   -0.0790527819435648
 0.0048776373208787    0.0132074866127085    0.0949456638377359
 0.0396017888379818    0.0469970609444399   -0.0330760164450538
 0.0268631294959974   -0.0337933896175087    0.0458972647907382
 0.0131194389640259    0.0214520039161964   -0.0123378073880812
 0.0084746627804609   -0.0103132327285166   -0.0236054610559688
 0.0717978456843702   -0.0057820044073523   -0.0321978203855069
-0.1990310918536257   -0.0486562219701581   -0.0187888114958373
 0.1642597956140372    0.0201050697784534    0.0110477843124885
-0.0195434772500438    0.0066677870583282    0.0687703485867188
-0.0150256620789704   -0.0729473173686405    0.0692076049639352
 0.0339820337742179    0.0531034588934277   -0.0002958211739359
-0.0299673061395373    0.0794407418917049    0.1425995517973598
 0.0737823432895238    0.0237715086004674   -0.0957432638923178
 0.0806138797537152   -0.0481894279625961   -0.0308357725062151
-0.0137684150762250   -0.0332431879894915    0.0265674760496030
 0.0281052422886924    0.0446881554153782   -0.0664636770907865
-0.0120945063827120   -0.1026615726981133    0.0565603855221596
-0.0066629763041937    0.0006201728918850    0.0499238655410945
-0.0011416610980592   -0.0523175933193349   -0.0280143448231761
-0.0154062317157851    0.1138073702964328   -0.0633804213684105
-0.0141615157022312   -0.1255600705017157    0.0051054640611326
 0.1055445428570643    0.0537754306578749   -0.0033544508444695
 0.0251124518631328    0.0078762004912475   -0.0849359073988697
 0.0778487958127553   -0.0947549770258219   -0.0430749841431343
-0.0348962395230570   -0.0122791330904649    0.0076367183075070
 0.0059768141784110    0.0714803580446089    0.1061305167482760
-0.0684467963793997    0.0453897744636301    0.1142763676974469
 0.0283141984559747    0.0088514900613360   -0.0495665545073749
 0.0278519928165768   -0.0087054592537701    0.0050558759714002
-0.0159173555735377    0.0449446537548389    0.0258161120497476
-0.0263318700239642    0.0179181348503888   -0.0026927060096295
 0.0079307345580392   -0.0813497115612025    0.0264849524188518
-0.1070703522090783   -0.0718990963697899   -0.0618424022161664
 0.0491934473807965    0.0405298717260286    0.0091818355966399
 0.0200863328235171    0.1576568700596477   -0.0519100128959776
 0.0508420208887700   -0.0341176156721663    0.0163468804089703
-0.0784662442962921   -0.0200138090712141   -0.0178738765420533
-0.0259376000807011   -0.0582307686744290    0.0293180434122621
 0.0737005341951360    0.0153669799060289   -0.0240310531024120
-0.0132416999247734   -0.1095091460314580   -0.0014295669319972
-0.0575046557414489    0.0290940269402294   -0.0346319687167217
-0.0552987397001064   -0.0508650321816707   -0.0221289302270613
-0.0969059082100240    0.1098262395057126    0.1301384508881092
 0.0181757799008324   -0.0072447468211099    0.0638852999766368
-0.0373932888177461    0.0645324273288254   -0.0814584837225859
-0.0102824428508551   -0.0020405688076806    0.0092286914971615
 0.0360774473739323    0.0256997388095753   -0.0945444092197125
-0.0380808175022210    0.0023047965757615   -0.0107613117887445
 0.0395378885553501    0.0048934251305779    0.0866017147281100
-0.0021170053375361    0.0354267851059721   -0.0649742801506014
-0.0562584809771687    0.0662445546783748   -0.0632005478892116
 0.0308053727454019    0.0706488651681390    0.0614932466169116
 0.0903911325208508    0.0374475097057400    0.0669662625018577
-0.0084327269992392    0.0018798292568195   -0.0054057007175856
-0.0654261683719853    0.0156153968526036   -0.0306763267697974
-0.0222522901959271   -0.0289246291785883    0.0608634690394005
 0.1147280947526844    0.1043188927831060    0.0303364760715069
 0.0067339471820531    0.0237781481912321   -0.0156312902946718
 0.0334873733568329    0.0627683916906158   -0.0115641168241533
 0.0411515955674180    0.0053445057183623   -0.0628766490006614
-0.0298943210361524   -0.1110065825346202    0.0517465875201974
-0.0331848956198978    0.0254421842211558   -0.0217997479529636
 0.0368391590091186   -0.0642235004800608   -0.0584036803627092
-0.0237793771270683    0.0698066743337779   -0.0286763720098652
-0.0181505806211238   -0.0715529880900569    0.0191353758452885
-0.0458136993850275    0.0551684306622109    0.0068710356610552
-0.0654282696460894    0.0323725215790079    0.0278810996005220
-0.0026429691249534   -0.0021706562094238   -0.0025492966705934
-0.0401555123508781    0.0088209155383717   -0.1102408902686993
 0.0480637564041793    0.0230464305578949   -0.0688541619286267
-0.0054978246770054   -0.0097202106774092    0.0062134482560680
 0.0328644257714980    0.0222424463167077    0.0911259550789513
-0.1041499922768844   -0.0188617291063184    0.0606931952600550
 0.0158015587570669    0.0463059084581957    0.0085515888848706
 0.0593877034716731    0.0866699989658498   -0.0953471656836317
 0.0078661383098554   -0.0127622453698569    0.0155356265690416
-0.0268023834053251   -0.0069186107662688   -0.0534218512507244
 0.0215536384061727    0.0108447566028029    0.0113919888238613
 0.0521662174837670    0.0031270447635743    0.0722592203914214
 0.1165850370320314   -0.0373078783483417   -0.0885762176578345
 0.0323760855359067   -0.0137425390026952   -0.0213221028896189
-0.1380326175694421    0.0229026694240031    0.1054234844350387
 0.0420198827704566   -0.0070663130773866    0.0264669648307291
-0.1073981506256331   -0.1457231677283625    0.0520841293188764
 0.0012623507900780   -0.0155801159906886   -0.0191365288392218
 0.0276772741199718    0.0114464149180944   -0.0413437959751891
 0.0460817197918611    0.0110250546270345   -0.0413119430227229
-0.0685758777637736    0.0901946358637898   -0.0490077118486354
-0.0376087006263061   -0.0854036088425439    0.1162611788318119
 0.0236119836524367   -0.0064161479387911   -0.0109581538383881
 0.0466082465266036   -0.0323250165720716   -0.0516525586333150
-0.0083209588524056    0.0161358177453173    0.0299300269553999
-0.0067473371873694    0.0443136917104378   -0.0401811202915977
 0.0084204914076646   -0.0558905449626139    0.0577717274938593
-0.0691312323250238    0.0073319345085421    0.0223979459542097
 0.0831537943206462    0.0394456999826847    0.0224794993262852
-0.0754969998568360    0.0228070102096539   -0.0778258616009018
-0.0411500059568822    0.0257148726631061    0.0724261300802047
-0.0073995930624459    0.0192129108961758   -0.0202353995138947
 0.0479479128874365    0.0358392641530853    0.0544632844327340
-0.0213101237027569   -0.0370310570268714   -0.0080050309911533
-0.0125764588146611    0.0701808329999700    0.0033857197366525
 0.0458722005174474   -0.0232921282051510   -0.0068899396432519
 0.0014066933254842   -0.0220212630766768    0.0280649733913966
 0.0212635606517793    0.0335373272585881    0.0059578613673015
-0.0309694529450115   -0.0361573555515125    0.0565110353321025
 0.0306407471265322    0.0247152323010887    0.0277160709017242
-0.0744437504935315   -0.0502745819728052   -0.0458919421075572
 0.0226382142111755   -0.0324270314860115   -0.0809529682269011
 0.0241107157316423    0.0042439783903547   -0.0421580982119377
 0.0184127496800375    0.0434561635757301   -0.0307864960304461
 0.0501604098488400    0.0010452864873298   -0.0438010192631144
 0.0653994775837875    0.0137577302143968    0.0141637827823430
-0.0933886396456639   -0.0386709924447942   -0.0810398993723720
 0.0069108833560338    0.0205724662204192   -0.0447219758685307
 0.0445134653435484   -0.1267023236849999    0.0095339165017046
-0.0588846284073484    0.0557891979557087    0.0294868800314888
 0.0194222485986170   -0.0905888232543430    0.0312360035820954
 0.0183636701172361   -0.0553727468807070   -0.0237851561701215
-0.0015227514834992   -0.0337501015085505    0.0487729218375761
-0.0575888939115261    0.0340382092430380    0.0042674117059144
-0.0333855918131423    0.0088366505144999    0.0486555815658741
-0.0895190631397498    0.0198407897782566    0.0310742243980786
 0.0505643605394265   -0.0049987313982906    0.0528147992252877
 0.0005762447857274    0.1523090026191717   -0.0842450192958349
 0.0090048588974468   -0.0526398240240835    0.0694144881363841
-0.0662864065449996   -0.0595599421125581    0.0078891018917921
-0.0592797961473265    0.0056896578729776    0.0072770528933563
-0.0559267661867088    0.0593360313580995    0.0099677977206780
 0.0628078669807196    0.0881292849203442    0.0313676730627986
 0.0687152911422854    0.0319199314310870   -0.0631949475473780
-0.0098832424784227    0.0419158846833768    0.0214154132154763
 0.0360640045075969   -0.0130002718180252    0.0327361966497615
-0.0344695490731896   -0.0059470467701176   -0.0322903387960577
-0.0149973312171631   -0.0142897926038138    0.0105823073288546
-0.0034916244177737   -0.0352055842695330    0.0719147558418666
 0.0284035489566733    0.0174379357142938   -0.0148525107536689
 0.0845544967986261   -0.1766912073611765   -0.1007003085893460
-0.0423316664628214    0.0470836141101184    0.0005266905655500
-0.0200497159607123    0.0612513403415982    0.0266680099600557
 0.0756743021923129    0.1784233244130708   -0.1576673159627327
 0.0252340471482927   -0.0238142483619814   -0.0534971614353005
 0.0358457609885630   -0.0317871142992474   -0.0890349457280432
-0.0123585152663285   -0.0097829449959169    0.0086589092738997
-0.0427374091991366    0.0227479731438922    0.0671969105129293
-0.0019924657034781    0.0459786610125034    0.0334546676496080
 0.0480890834521977   -0.0098034543100212    0.0294117137831342
 0.0229887498375050   -0.0173555455388317    0.0208298756419995
-0.0007350585699553    0.0163262924530129   -0.0049580770719157
 0.0230284121411360   -0.0169360769948090    0.0202359934893022
 0.0331770770531404    0.0700203378544489   -0.1235899618134181
 0.0820012894383021   -0.0930930316168367    0.0275724654862396
-0.0576368960395112    0.0298058631431579   -0.0564529437177411
-0.0165189088362375    0.0071282654374080   -0.0011021480331066
-0.0373600347322459   -0.0853034534751122    0.0088640747294491
 0.0783568990816859    0.0266279573297042   -0.0602764165131352
-0.0606075059235267   -0.0267144651274466   -0.1013043615235949
-0.0092299935839510   -0.0442020638686223   -0.0275383856668276
 0.0295698369377476    0.0317206202980532   -0.0082180653811503
-0.0622899283904740   -0.1180348348569708   -0.0207715010048250
 0.0149277599944603   -0.0384409639627234    0.0063112186555261
-0.1480190773929662   -0.0212004153286322   -0.0668634330341338
-0.0252740785451600    0.0931065636536463    0.0406358010731975
-0.1171014916052507    0.0104659011331516    0.0103785886813309
 0.0439550865339195   -0.0624607272304982    0.0476175044551036
-0.0201189657053449   -0.0053252490202961   -0.0395849048437368
-0.0284225527403483   -0.0020994610595409    0.0087334500404574
-0.1233306520060223   -0.0281643442738931   -0.0690265017428151
-0.0247352215919120    0.0650342974999506   -0.0651505982745880
-0.0007245589117260   -0.0188365391797014    0.0021810401020818
-0.0196883436799049   -0.0708741170397958    0.1144604904287970
 0.0091125032051006   -0.0682290111032611    0.0410472461415726
-0.0025212569899024   -0.0054035177667713   -0.0511889268010692
 0.0363127996766353    0.0368931353687359    0.0363365970128794
 0.0628400400017868    0.0008663419972353    0.0099002579996118
-0.0004980417636779    0.0078386996628925   -0.0601303471889686
-0.0133918032030291   -0.0064954675261212    0.0653749363401600
 0.0020201427294346    0.0295497672353508    0.0344641081078302
-0.0848969109343548   -0.0981091042922163   -0.0477797981510974
 0.0237983957034146   -0.0697097962056348   -0.0887260781613736
-0.0218731350043362   -0.0630899711700953    0.0502088735425439
 0.0159866943012840   -0.0029161202842823    0.0190889985585818
-0.0028713495428755    0.0666769046501565    0.0892479098238542
-0.0223028722936473   -0.0743481858758238    0.0617000704166775
 0.0253500826462498    0.0166006492411851    0.0362234453963358
 0.0737432662393285    0.1162559844882740   -0.0304582635809149
 0.0537697220225173    0.0901433830733974    0.0614739549527243
 0.0547780050104136    0.0463307597889710    0.0084687367423233
 0.0334849995701990    0.0277794881619567    0.0132340077841360
-0.0457504250243229    0.0280165423335244    0.0283530137023272
 0.0663610824491335    0.0190164111969868    0.0654018626421909
-0.0220371340371177   -0.0229055879446754    0.0686641833100329
 0.0178817810765260    0.0157329432968777    0.0198158569079286
 0.0012119809796952    0.0271420653913694   -0.0141270794461325
-0.0455162219029726    0.0360381913804092    0.0292989926742520
-0.0217273577034987    0.0504712673178708   -0.0255418493813948
 0.0792781797854506    0.0627088959952303   -0.1270063386584622
 0.0979120111328342    0.0035173703950434   -0.0250734083304984
-0.0774353541421551    0.0183542495647624   -0.0476825780664655
 0.0388673158855392    0.0625380581605379    0.0163312139929097
 0.0487405286764755   -0.0041211434856499    0.0239955386813158
 0.0600837929461689    0.0009109466074847   -0.0526747258781737
-0.1056256853308120   -0.0408972206851650   -0.0720892024558100
 0.0334693402259737    0.0493856477462516    0.0194430084229945
 0.0354325333939250    0.0272321014225643    0.1388997471808046
 0.0532761194877630    0.0605043117095764    0.0573803627470087
 0.0541065328318571    0.0648380956024753    0.0668879795313410
-0.0121614808595370    0.0824449330881472   -0.1268430209400128
-0.0610291475542244   -0.1423635589594890    0.0517930276549895
 0.0154757751778462    0.0282984620505541    0.0166693641291147
 0.0293794857144863    0.0171517472874968    0.0122983386826363
-0.1947380149607763    0.1373323724850061   -0.0155252183141181
-0.0243057393999881    0.0462894465638202   -0.0257532535155946
 0.0735656332637765    0.0115420708172247    0.0169338944491252
 0.1208270926411759   -0.2382339877262410   -0.0171053428191927
 0.0566667678200207    0.0178065708631808   -0.0366814996725359
 0.0090805291923040   -0.0162414542514124   -0.0681944254915520
 0.0074370524148954    0.0345581073345920    0.0510280184131830
-0.0332784328383591   -0.0572251126033408    0.0302657067675211
 0.0276442395476520   -0.0145026087046051   -0.0234644946668941
 0.0884019334745639   -0.0189928350913875   -0.2291614668394723
-0.0109015908401570   -0.0048115071714899    0.0115766433730037
-0.0275984293668182    0.0003563146746179   -0.0054930548543244
-0.1552828917963947    0.0032865906513507    0.0779691041314637
-0.0291963824519722   -0.0272961620906049   -0.0827639437933279
 0.0302200325081494   -0.0825551627291678   -0.0508612190080971
-0.0235515356026779    0.0356834238451646    0.0667436588377426
-0.0446866143792858   -0.0468771350570107   -0.0622593660424965
-0.0562647069473710   -0.0038116790263409    0.0485603354184247
 0.0038613792741141    0.0044449224950582    0.0136709067508383
 0.0057220144897426   -0.0319072663719366   -0.0220678822701592
-0.0030451693453719   -0.0720489573708902    0.0589434383201510
-0.0006365553671288   -0.0678713115846572   -0.0151812312390922
-0.0546407136742737    0.0469916073610547    0.0261180876581511
 0.0269573449545318    0.0073885882665005   -0.0106711801507747
-0.0014621670693825   -0.1108125134915060    0.0119433558624130
-0.0213809263837928    0.0091287189078411    0.0183222684265086
 0.0607002704024829    0.0129402428505747    0.0294173210196694
-0.0174977181717152   -0.0239523224315821   -0.0922760820375279
-0.0145421452694433    0.0118357691544568    0.0308098361018173
 0.1425460386951220    0.0549237571949425    0.0098738728167495
-0.0517605112476368   -0.0069875933860723    0.0489759133543627
 0.0440027449324923    0.0424894624544509    0.1288820569825522
-0.0661877646108370   -0.0624593360042423   -0.0016016521707443
-0.0076030562892737    0.0848170855251640    0.0553203750948377
 0.0415448524240483   -0.0030366674822454   -0.0518664753650712
-0.0559761489585568   -0.0383306996390546   -0.0150379953335359
 0.0994086066807494    0.0910710094925314   -0.0345972498842154
-0.0357422631664922   -0.0175580771301172   -0.1012017045144111
-0.0835764739848088   -0.0091649656896217    0.0188070592064506
-0.1702035153287893    0.0359233204766886    0.0940807658525469
-0.0227173557558776    0.0379292141462847    0.1181081233830018
-0.0783183475739956   -0.0087554745318881    0.0593498878060254
-0.0175163996434380   -0.0198670961078975   -0.0320056636340190
 0.0792344102669503   -0.0044142722669160   -0.0335052672343616
 0.0581621392431809   -0.0176256822194161   -0.0634640224270777
 0.0066759343070593   -0.0071336102200520   -0.0417823531666614
-0.0142936454287144    0.0055648703252102   -0.0021079762039917
 0.0269376193264834   -0.0105822734680384    0.0305422194449966
 0.0169252469990460    0.0256993042063630   -0.0188215897691229
-0.0755009941353029   -0.0325100363007827   -0.0064442622612363
-0.0068662968705134   -0.0569943359190029    0.1118890528917904
 0.0734806657693403    0.0389417261668869   -0.0101443954737975
-0.0288421513770260   -0.0578398109971821   -0.0213235094849173
-0.1450232384909077   -0.0014130543629941   -0.0194019770452716
 0.0442131858093198    0.0903422589205497   -0.0603027391218420
 0.0476791062863520    0.0857433145946488    0.0160392463026736
 0.1374155548778404   -0.0462021304080092   -0.0521742292447981
-0.0053468181030438    0.0100541369287150    0.0206596843316283
 0.0285243209062016    0.0978885779113228    0.0501703329897720
-0.0305696793249140    0.0226209001543654    0.0632609966024963
 0.0619222792079844   -0.0000146909300410    0.0288433649395339
-0.0941359551832064    0.0151967863008687   -0.0454838226547239
-0.0190147882378125   -0.1432020954227636    0.1565061232156974
 0.0025195751736629    0.0686097409982464   -0.0393956473323939
-0.0585427622428327   -0.0108087664110353   -0.0677833997632793
-0.0055542157548108   -0.0122481481981705    0.0104277643093068
-0.0464294273361254    0.0169054425343177    0.0211136451004212
 0.0115368781355225   -0.0299600425623107    0.0695815556357185
 0.0029394494321093   -0.0832307789208742   -0.0034478318713432
-0.0204274976741909   -0.0122707778683228    0.0235994836844486
 0.0362858656308110   -0.0396499234729865    0.1002450071770504
 0.0620239858999560    0.0634075657817527    0.0363694734531581
-0.0054017244071224   -0.0015681533617098   -0.0011087871313530
-0.0179804422928189    0.0079469909178373    0.0492912552719499
-0.1050627386341579   -0.0513957396092481   -0.0636736771275296
 0.0206928110287468    0.1236563411691942   -0.0103621450824099
-0.0463243918228359    0.0260482104858645   -0.0311321592758905
 0.0015254833642876   -0.1026366623148955   -0.0387586697165332
 0.0230711298941136   -0.0136099481004695   -0.0054698601092264
 0.0280307929000297    0.0794253667491973    0.0219094698301154
 0.0837338538361902    0.0372279211593308   -0.1101026745128340
 0.0199329116686707   -0.0452051143654678    0.0590660891465648
-0.0628900838056394   -0.0156731948079990    0.0733181345703799
-0.0677949540595990   -0.0120611398785261   -0.0407224841992165
-0.0262184063461141   -0.0117558665751317    0.0071870725232508
 0.1210969794980443    0.0503235462190477    0.0706458201423844
-0.0174230789849384   -0.0860286752810848   -0.0342837719043688
 0.0239450847613123   -0.0001015406983639    0.1452885628762471
-0.0193307989865448   -0.0329044378975468   -0.0856922597879958
-0.0666458357017942    0.0081730394816533    0.0525939948931442
 0.0270294465653762   -0.0155290733490209   -0.0330684154323391
-0.0398253828960816    0.0738615690536756   -0.0335729373978936
 0.0293749249545380   -0.0635236286176112   -0.0248424068224794
 0.0273014819893246    0.0042863065433573   -0.0026682127934590
 0.0426094292308073    0.0352742439055894    0.0189539618777248
 0.0046898968248506   -0.0339680290077472   -0.0256820223999223
 0.0065728184375115    0.0349962686477600   -0.0464108002581578
-0.0309910764604442    0.0125533950399256   -0.0480363726959381
 0.0106894702361299    0.0472796752449859   -0.0029634703772973
 0.0106096079295277   -0.0892443036851392   -0.0334137479066700
 0.0551726172160296    0.0666270149178849   -0.0825220942464898
 0.0317826777551669   -0.0353907409841016    0.0163903534487746
-0.0978273702548223    0.0299409346590214    0.0812494001832326
-0.0725091177959131   -0.0657771331641931   -0.0377491623948819
 0.0645789319290338    0.0859708879549087    0.0307235872107674
-0.0370304445538334   -0.0040076505532090    0.1147697154027120
 0.0485655775484968   -0.0162791603134146    0.0724688664139869
 0.0611585819230582    0.0095417986014168   -0.0866232080104118
-0.0156046346048294    0.0976939870708036    0.0909670772849644
-0.0637538329506930   -0.0302994402308770    0.0480402637723701
 0.0143383096743482   -0.0476520845006509   -0.0726367696259555
 0.0174972387951401    0.0131096850654334   -0.0171208391265109
 0.0256786197587743   -0.0281845477545814    0.0102796439199769
-0.0989742387936349    0.0689477316171781   -0.0808478830328323
-0.0322318335809667    0.0591015354143715   -0.0069786354797818
-0.0796378735723620   -0.1327235689568968   -0.0246818532414176
 0.0798993305702954    0.0407146000793458   -0.0972953312365920
-0.0424211578155053   -0.0052401807342339   -0.0017220429367665
 0.1654966156049136   -0.0146258136752856   -0.0882738364737789
-0.0600163222874494   -0.0264923029906633   -0.0323592513331122
 0.0537206076622937    0.0848120361795445   -0.0838722269133657
 0.0474068080848789   -0.0394604060115614   -0.0001653500156356
 0.0145748753935635    0.0727206417400006   -0.0391149082285169
-0.0167986964041999   -0.0346080922831779   -0.0385895618077296
-0.0218968666462773    0.0583019236627046    0.0478430333861289
-0.0670939314330395    0.0276360187825508   -0.0054689913985825
 0.0604795496681979    0.0329471565968927    0.0009025798442572
-0.0266430562365411   -0.0448201673026524    0.0074862741211683
-0.1107545733818932   -0.0661002472533733   -0.0257631456144122
 0.0085592119857177   -0.0125549847997259    0.0531322746294358
 0.0913629740069884   -0.1101289223062554   -0.1137193163766161
 0.0346612781989662   -0.0329700947113821   -0.0268553784791853
-0.0410681365558556   -0.0113750577100519   -0.0196984690866071
-0.0019244153960847    0.0290630155583081   -0.0206344443016777
-0.0418819143321685   -0.0148861952017580    0.1400378933464784
-0.0022172351242583    0.0373116871621166    0.0739200924004460
-0.0859337611068855   -0.0630282582675796   -0.0148153295935906
-0.0166527588836804   -0.0136367057531078    0.0560692601324482
 0.0549178651145335    0.0054178586634492    0.0429517348901847
 0.0426521509460080    0.1061841167254567   -0.0073203978268841
 0.0299216981092589    0.0188508161755431    0.0265600833445532
-0.0037964829592932   -0.0345826568949953    0.0058322896707298
 0.0352611925130015   -0.0607118002981647    0.0102734646629619
-0.0001085961622978   -0.0235067201329961    0.0471415156721543
-0.0366135774633512    0.0612178833720591    0.0262307703126649
 0.0275401212365390    0.0334062531984875   -0.0392889466622158
 0.0096803731854071    0.0077886624629682    0.0270561417761525
 0.0755794952895310   -0.0588356955254142    0.0026117249813207
-0.0876338686661707   -0.1225194205487866   -0.1195959370550947
-0.0787494316233522    0.0628093346882481   -0.0887154472511275
 0.0785127234827154   -0.0286730670178815   -0.0389277798867550
 0.0559004315664569    0.0030713079359731    0.0041935250362708
 0.0010997014705650   -0.0088894182486651    0.1056767482497123
 0.1048369878140109    0.0777635620482800   -0.0279584740618690
-0.0046379735243078    0.0835042953737717   -0.0459043910769283
 0.0210007939818652    0.0785111444959302   -0.0369055102309864
-0.0057113061189118   -0.0169458911088759    0.0265843064662720
-0.0997277881670888   -0.0359311995966629   -0.0540803466497315
-0.0258563830997712   -0.0574217981325627   -0.0151894358517717
-0.1019798865672613   -0.0050383737869310   -0.0937704270193560
-0.0202682478085678   -0.0471208547345862   -0.0788075899917019
 0.1359514471966793   -0.0283432943465746    0.0809930382155133
-0.0441458565494392    0.0567343834131318    0.0012374803261582
 0.0024611546055700    0.1099284083660178    0.0603130343895834
 0.0252336107051857   -0.0709170567867605    0.0145568843828582
-0.0442682588860950    0.1217914948545083    0.1065216465705590
 0.1016664783194362   -0.0773442594236532    0.0994391812900648
 0.0122153042315634    0.0515590164865109    0.0039986958173703
-0.0610203407804305   -0.0045729200932985   -0.0037838655524321
 0.0495205496460519   -0.0559720993994961   -0.0327055418978365
-0.0227324928145595    0.0151548981730987    0.0116933383446028
-0.0073998684808110    0.0221823378306392   -0.0227876795429543
 0.0268738646498420    0.0530702826089011    0.0296666437592747
 0.0006841529371458    0.0370479193186746    0.0015654031613647
 0.0128004139608311   -0.0049031900002557    0.0337959104149186
 0.0078775308938986    0.0206659590361541    0.1187106166820247
-0.0853860052905917   -0.0450809365627372    0.0524550966046369
-0.0543510327349457   -0.0096194261213000   -0.0169809281675224
-0.0367226728388898   -0.0411191409278098   -0.0627481687148223
-0.0907254177189729    0.0084182921792396    0.0433715357306997
-0.0005095060373357    0.0576209494361239   -0.0067645717675861
 0.1136291153172750    0.0135233898713254   -0.1099889491045286
 0.0027964548099361    0.0175814479122336   -0.0178461418472954
 0.0390007432030066   -0.0390241072932870    0.0961039608265463
 0.0844425484955013   -0.0648614130760924   -0.0764011921332954
-0.0085740024670567    0.0600036519028920   -0.0244435155914329
-0.1459261246284071   -0.1189683088504321    0.0572155967527187
 0.0894722703547703    0.0303368218459010    0.0526653191204515
 0.0964316931427918   -0.1587142075212287   -0.0691939310232205
 0.0749083078267617    0.0695527391792617   -0.0270895904230136
-0.0268181700700857    0.0084883415981123   -0.0578951692518361
-0.0071643753394185    0.0001245337159521   -0.0576033501620949
-0.0770839364446481   -0.0008680645400658    0.0496349058048024
 0.1439923570448082   -0.0212733621058139   -0.0714179913311393
-0.0447287909250483    0.1189889160338616   -0.0511243106558394
-0.0044485218028275   -0.0259291565075812   -0.0211951714648327
 0.0061298928139283    0.0123419251200652   -0.0179353100134392
 0.0624398591322917    0.0352241452668463   -0.0517050804607973
 0.0106812837910516   -0.0404112513084362   -0.0804581379859088
-0.0623120353188031    0.0654270535930577    0.0576813463636824
-0.0461923037827925   -0.0536635702900131   -0.0433333846090811
 0.1565004622461647    0.0901540454221673    0.0211023588504045
-0.0592260359699362    0.0311598244360583   -0.0206248206955654
-0.0618125297624056    0.1207175715284684    0.0363905605699675
-0.0534828232134557    0.0181967871470036   -0.0101560232939820
 0.0673630023236305    0.1357057203088489    0.0628327303671815
-0.0134333857796767   -0.1079577297156171   -0.0748139425651053
 0.0118370177505041   -0.0131767934068596   -0.0314664584121931
 0.0002331803608337   -0.0139555153673715   -0.0446966025541407
 0.0547954918399195    0.0443219841055833    0.0206765215867253
-0.0981137909825737   -0.0522010840892680   -0.0286768207704148
-0.0538472428211592   -0.0281862890233405    0.1862007537874707
 0.1136731707028440   -0.1002054879008558    0.0112174930998303
-0.0892040536052403   -0.0621315339725456    0.0127245640490396
 0.0350064549925167   -0.0921715164871998    0.0400519023743246
 0.0313337528680431   -0.0176684091919432   -0.0413516560937133
 0.0531964254484578   -0.0104816067635885    0.0246701723180450
 0.0075503955769002    0.0297909351673683    0.0121568571382735
 0.0036526450254720    0.0251860042309562   -0.0024739592222141
-0.0221515783578238   -0.0205468706938412    0.1196921712591293
-0.0084211670660659   -0.0543308938404869   -0.0043858340982101
-0.0492222392873483    0.0536186332355562    0.0611688418336494
-0.0470218657179139   -0.0450200019193720    0.0697246628167127
-0.0550241626602831    0.0037283229389794    0.0950095525818394
-0.0177501970506889    0.0272638514336637   -0.0166458219590599
-0.0019149439963791    0.1190260263603585    0.0236979878699150
 0.0268058262715901    0.0754376578225475   -0.0558130766739740
-0.1070882596734461    0.0908672246681564    0.0287691920913071
-0.0243537894620603    0.0620002435091628    0.0120983140209774
-0.0218240106053450   -0.0048984037095144   -0.0246080712592511
 0.0534492798008371   -0.1185372720809418    0.0538795404021167
 0.0088034653787365   -0.0568966475656146   -0.0026232824857545
 0.0317273400180052   -0.0005088992959411    0.0429257750164208
 0.0351337613014450   -0.0022227992501019   -0.0492329756427462
 0.0223710123397355   -0.0148046297854433   -0.0277198164265733
-0.0144903566832822    0.0568798203124151    0.0078463386145400
 0.0610053565012352   -0.0961112982499122    0.0822590487300051
-0.0429311845366056   -0.0305797484246766    0.0215845962928362
-0.0368879881050479   -0.0812834736297617   -0.0294089373340562
-0.0525331348978792   -0.0230739312359850    0.0557552195393049
 0.0309121946447346   -0.0072143150495075   -0.0055739083165464
 0.0391294062482574    0.0076212426678064   -0.0297778143011355
-0.0869623873745460    0.0585968426476666    0.0075598559547214
 0.0575341769458564   -0.0293618295513272   -0.0372092638346894
-0.0513360817389655    0.0407027193465232    0.0754825158204314
 0.0254368666946983    0.0323045243455313   -0.0462234247561687
 0.0141093604854173   -0.0116765377316857   -0.0022698085101749
-0.0374137342340276   -0.0343651869485169   -0.0418193362443798
 0.0040176826231338    0.1230068419318218    0.0032220201371335
 0.0347701372282813    0.0080879284079214    0.0753538764580226
-0.0939312966137024   -0.0077667693794666    0.0112011261039032
-0.0051602005474535   -0.1456570437955497   -0.0370361888344432
 0.0535755255399649    0.0347204591847645    0.0106630502126310
-0.1054315517234043    0.0599578870793700   -0.1165004576101816
 0.0011047641117362    0.0485761598515311   -0.1243307154402422
-0.0152046761560879   -0.0883371769892675    0.0491568115914672
 0.0387231611561221    0.1124587437159312   -0.0913464249367251
 0.0857652479514870   -0.0773401635077127    0.0054553411719813
 0.0356469218737567    0.0207538867385536    0.0495143610140468
-0.0125954091392948    0.0031252534418979   -0.0093901076755874
 0.0268401766201474    0.0145910382588157   -0.0352211629091230
 0.0213525777847094    0.0342493561917537   -0.0056546037386786
-0.0143032755755425   -0.0891058642723400   -0.0088161929018950
 0.0035426048099359    0.0179574434664677    0.0541641673778801
-0.0042437845822267   -0.0196698981207586    0.0578165765528026
 0.0587029313306643    0.0954288398520527   -0.0657384143635876
-0.0146205791778786   -0.0390736637227926    0.0491398120908059
 0.0108442238650351   -0.0315013359440983    0.0045259605267290
-0.0333691661205145   -0.0194690095353577   -0.0220054845750439
 0.0766809774680775   -0.0328388760460794   -0.0314544773200136
-0.0599690255109769    0.0427422567315824    0.0163723938805428
 0.0193743921273468   -0.0855695113860065    0.0573062572744990
-0.0787955917729379    0.0916613523733241   -0.0606030747378233
 0.0153158574029838   -0.0343937686119788    0.0639387585089579
-0.0608015681993196   -0.0667213076713311   -0.0739585717608095
-0.0641203377089238   -0.0103536477890380   -0.0466734705302388
-0.0140115448489041   -0.0318983328096051    0.1149963906467340
 0.0028908630956964   -0.0693210484843893    0.1042677137371089
 0.0513627608396198   -0.0526177970484677    0.0320449067974378
-0.1539396107959691   -0.0435962438746382    0.0355846488417225
 0.0761073095064855    0.0956637082413165   -0.0406722894146860
 0.0513442804785384   -0.0471976048739065   -0.0928231503438309
-0.0231604528550292    0.0888658801668771   -0.1232130286110873
 0.0914068240848738    0.0380370318975242   -0.0558051906792464
-0.0409389422173209   -0.0406580704081020   -0.0037021878035046
-0.0506533478719323    0.1084050949672326    0.1046213070138711
-0.0114250691446366    0.0162354115493349   -0.0412313619339219
-0.0330853821725223   -0.0563777837784724    0.0852617864201779
 0.0255020129554765    0.0235634427965047    0.0730414784337675
-0.0453727495316403    0.0305647492958413   -0.0434497584274985
 0.0698667331014354    0.0748783094744359   -0.0092099553439641
-0.0450353644801691   -0.1137973089950471    0.0061472980659144
 0.0176490955052720   -0.0534908201585016    0.0557471102259523
 0.0346359484091964    0.0125992457242815   -0.0601861043078996
 0.0646483988854285    0.0817235040361821   -0.0302025628733049
-0.0151320957094879    0.0272755975134261    0.1183818938984167
-0.0972224232272314   -0.0222572699302430    0.0180449046746509
-0.0486565096533303    0.0208160253330232    0.1296731134344823
-0.0357387731215834    0.0458488211351035    0.1031423905406843
 0.0239706159342267   -0.0064076388022028   -0.0085778402239496
 0.0144480022568271   -0.0525871165488283    0.0445170324934525
-0.0278007543600667    0.0267950238539362    0.0120806422140523
-0.0183392966137910   -0.0515689989763411    0.0700337620010279
 0.0579356378150275    0.0658561460131753    0.0677426921701148
-0.0258533279061143    0.0498049482958507   -0.0528052545777213
-0.0100667373074350   -0.0309796205182075    0.0239846431155972
-0.0361655891455761   -0.0203926045091904   -0.0640654144246298
-0.0241895408453316   -0.0401884443338136    0.0444303057580209
 0.0136659073138150    0.0364486278039948   -0.0316970959677412
-0.0264029743868374   -0.0071914839141613    0.0303042816193711
 0.0879230396548680    0.0159078949243954   -0.0790519647222423
-0.0916054356885847    0.0746036636571889   -0.0196964836338442
 0.0159295164862233   -0.0311124935839978    0.0165004702321805
 0.1139919810365321    0.0028667338249072    0.0457585605426085
-0.0536219852124299   -0.0017316330526842    0.0639191178609645
-0.0750567968332216   -0.0657381944014069    0.0309321879030111
 0.0441668024329248    0.0817795953220695    0.0226417547240211
-0.0584443659558056    0.0218938311312471   -0.0626904989084638
 0.0367027990859019    0.0199094830787881   -0.0709093545014091
 0.0668849397146550   -0.0028869291284492    0.0271705362309720
 0.0462363986179171   -0.0306488546459272    0.0428054590953178
-0.0243791182479495   -0.0020084060140804   -0.0407343965542458
 0.0171268483403517   -0.0628549478938442    0.0094623988697565
-0.0069387730805783   -0.0382887192794623   -0.0764603085672573
-0.0527637985164804   -0.0387096640609547   -0.1045142703931398
-0.0150863174864914   -0.0558086906799437    0.0192592156392864
-0.0151788813780763    0.0568168035740380    0.0010699741692269
-0.0543771375470522   -0.0221842742218024   -0.1172318151061524
 0.0610313534696697    0.0209854250219708    0.0017531632461304
 0.0541076264123064    0.0799086794256114    0.0090088477433938
 0.0970543747744850    0.0992700321360010    0.1468295651794610
 0.0053154105281472    0.0336275570725429   -0.0136478366747448
 0.0224571788723038   -0.0798433409099325   -0.0320603070347239
-0.0271357572692006   -0.0133372899874432   -0.0073625443691573
-0.0566623561345810   -0.0438127037249825   -0.0123595544535693
-0.0942847029784702    0.1308093102705598   -0.0608963869820111
-0.0772425560684023   -0.0447851630273199    0.1177925650629495
 0.1420554605303929   -0.0141990234081609   -0.0094839629045012
 0.0820846173327490    0.0654283977417604    0.0260378441265712
-0.0426621132949281    0.0172360529012559   -0.0035083605126646
-0.0758724731357086    0.0338358248406067   -0.1113070310931037
-0.0340527930226132    0.0226854372379442    0.0914809546204428
 0.0045296117295432   -0.0278428142216997   -0.0204746651086853
 0.1001591775298800    0.0783118806704173    0.0449963465006345
-0.0556241404807243    0.0047043662151242   -0.0147675922099394
-0.0085477391901485    0.0747858368776353    0.0019822385018374
 0.1487165176097166    0.0058276648712296   -0.0278110268919154
 0.0201215111969885   -0.1013934406796830   -0.0536176953226469
-0.0580457211032114    0.0128908361682563   -0.0738795223559941
-0.0007153803173335   -0.0521185548853836    0.0433070703832212
 0.0512426313173490    0.0143107798169065   -0.0289622024643078
 0.0428147637024917   -0.0035373885541848    0.0856245894643164
 0.0126186008505850    0.0627639421812660    0.0190322401291467
-0.0380856252067883   -0.0131374723629999    0.0281375481511459
 0.0235846425133540   -0.0098278706536806    0.0260339567366914
 0.0667864673234318   -0.0347024610201733   -0.0594720215123272
 0.0077885853235107    0.0269103923805387   -0.0409004057183551
 0.0498034293264421   -0.0074723532897293   -0.0081935761097576
-0.0737406871678118    0.0050160788516913    0.0268496630347381
-0.0475228768183770   -0.0521030223497874    0.0040806417972544
-0.0698933904661427    0.0078822978848367   -0.0093864760796741
 0.0231850752594741   -0.0168745636257957    0.0374239683057659
-0.0069482295020893   -0.0435060334884874    0.0419177514958487
-0.0502929536142774   -0.0603517497116513   -0.0240214220777093
-0.0375560380473215    0.0475943515853370   -0.0080672295610641
 0.0458257271210874    0.0220672542671167   -0.0047951201754552
 0.0273819477853754   -0.0144082710429027    0.0009386241410094
 0.0193311884477782   -0.1184077075088323    0.1075351858213844
-0.0417099566089080    0.0066217629629962    0.0153013004932825
-0.0095524277759996    0.0636617190513069   -0.0214180916424073
 0.0502731576975166   -0.0070898694860691    0.0087650126934605
-0.0195378176042348   -0.0223734159998644   -0.0153467126262318
-0.0879494212582619   -0.1148088721410211    0.0658045792339507
-0.0955125737032173    0.0326167041522925   -0.1278682154753321
-0.1580184954190679   -0.0305159235542178   -0.1675199291869962
 0.0747936154310649    0.0548974389833916    0.0521327602157084
-0.0643514789114176   -0.0124954935891327    0.0656634736747330
-0.0661165657862960   -0.0451171695375921   -0.0555053123085351
 0.0342767484846353   -0.0709967668733852   -0.0180051683339205
-0.0060134101074945   -0.0327365135247132   -0.0186422953142572
-0.1006395023082195    0.1142966084940537   -0.0476296722345675
 0.0006284491546953   -0.0231538483361475    0.0100937613588670
 0.0912626324440286   -0.0136303145135826   -0.0118749845544498
 0.0378250704098792   -0.0226805495208245    0.0653678293361961
-0.0827172188912560    0.0231491318189135   -0.1004075013662074
-0.0545998763325907   -0.0364196505779357   -0.0220641815818656
 0.0093952404221968   -0.0687116451975566   -0.0623358501733546
-0.0238529385649981    0.0225517198281194    0.0464883812602591
 0.0358661176804319   -0.0940081494905928    0.0874543746642446
-0.0119124688274811    0.0149417342586199   -0.0330652914319779
 0.1628531158106842    0.0696894868230547    0.0612582026919318
 0.0954299098102272    0.1034343050858559   -0.0602536129409255
 0.0079718501877121   -0.0493475592109034    0.0484565829741248
-0.0899915000573965    0.0011161856459958   -0.0191377168366796
-0.0118471901227640   -0.0009575683848574   -0.0128894816476255
-0.0845660015764501    0.0388874414175746   -0.0208791195735707
 0.0155685861742511    0.0255181146995889    0.0094472222936467
 0.0671625627468292    0.0035194465603769    0.0215354641819567
 0.0906080189583743   -0.0041471057502336   -0.0604589505438954
-0.1242670276569219    0.0057294141020039   -0.0513222682741988
-0.0337740971179320   -0.0105635947147861    0.0505085969151502
 0.0715609984593261    0.0043738130494638    0.0718451422623757
 0.0968351428830708   -0.1314303452435271   -0.0601427172215722
 0.0232582837810363   -0.0522033450637750    0.0046775102215687
 0.1310011174959387   -0.0717689981663863    0.1980734041478537
-0.0779103136396570    0.0102161569150951    0.0008846144037842
 0.0196276787410319   -0.0134758880205299   -0.0169582938491851
 0.1532272289490137    0.0105495441229971    0.0510238648343644
-0.1241786053559757    0.0989308302338459    0.0695388806130883
 0.0218879146697297   -0.0074125201677981   -0.0159031406402121
 0.0225580792283598    0.0254178988424320    0.0006788688721079
 0.0582097437333780   -0.0431523606014731    0.0230071456466667
 0.0006587631713269   -0.0466126668806095   -0.0183521320314091
 0.0563791271179757    0.0020830329265195   -0.0841224597257284
 0.0420457002584737    0.0022805066961245   -0.0385595422744147
-0.0044352748214806    0.0162919957725452   -0.0466598822036815
 0.0251276915380993    0.0114089286020725   -0.0847425354441159
-0.0263394641377183   -0.0403805000458959   -0.0600142757868300
-0.0626379675781370   -0.0175293899599435    0.0604023715165518
-0.0095705396765879    0.0254386956042159    0.0557843049480813
 0.0042453586810449    0.0399675425994060    0.0198207587547759
-0.0322401611781587   -0.0118945044826382   -0.0013876057294195
 0.0840906326513647    0.0537942483351158   -0.0721067296234723
-0.0021176111477860    0.1159912907488468   -0.0720904424603577
 0.0071488242940809    0.0138029550234682   -0.0159117300890418
 0.0475209906225990   -0.0451165062587803    0.0826783375865554
 0.0120066860499293   -0.0201042362252579    0.0073263391136157
-0.0365688267173717   -0.0666561682183497   -0.0247754370456945
-0.0404107374730813   -0.0514979660361874    0.0497008702831605
-0.0318742172802263    0.0634660695508074   -0.0598305326664127
-0.0741970914259673    0.0327771245431303    0.0432278991933629
-0.0062443487441428    0.0224565224348071   -0.0172287092796691
 0.0256785330594526   -0.0185959463437959    0.0501882187341387
-0.0089229033220695    0.0448477046047764   -0.0811013091875177
-0.0116613746294049    0.0210398756744938   -0.0065814747238906
-0.0829283958532996    0.0519140865438386   -0.0786705367994186
-0.0026489455556146   -0.0222874417086882    0.0009395449040823
 0.0657477451915076   -0.0413725224242792    0.0162074147000731
 0.0191406280904120   -0.0753530163112317    0.0167915016061953
-0.0139608247188372   -0.0161690599247868    0.0662615884914091
-0.0955643962994226    0.0065248775008396   -0.0813759062912817
 0.0807298180928884   -0.0600122062289221   -0.0391080960346035
-0.0395592986883215    0.0273488550289987   -0.0339757002538305
-0.0269553576679660   -0.0755184611305682    0.0454314958675629
-0.0466940588579386    0.0089894303291714    0.0535273466580564
 0.0290090638067300    0.0315315801027949    0.0517029527715186
 0.1382971105304882   -0.0294656329505687    0.0844630028006435
 0.0783348975754338    0.0189633844244572    0.0096965599342192
 0.0101182705300017    0.0038366804923307   -0.0004960998845600
-0.0874986755779595    0.0582847409123718   -0.0570110699016767
-0.0047798489427101   -0.0250292919789268    0.0327741669834424
 0.0420997008998899   -0.0012147684587779    0.0753286308399628
-0.0720862308173894    0.0232510690213152    0.0215455044428156
-0.0084757377658064    0.0180493672291627   -0.0660644992675380
 0.0139660793648599   -0.0667747369197799    0.0072250926304851
 0.1041084796214209   -0.0562560040585135    0.0199374818017263
 0.0433098364801501   -0.0493666771940881    0.0064186598937363
-0.0211004360433989    0.0473597030383975   -0.0156771784485095
-0.0478609504219911   -0.0061582759186427    0.0036103486087925
-0.0058872475670267    0.0380109349610186    0.0640101052407208
-0.0359303711667928    0.0229128267757233    0.0522236014731599
-0.0861135074562153    0.0253998924172836    0.0996047403009573
 0.0090466093121713   -0.0147877664541974   -0.0412116962687802
-0.0124503857257412    0.0231423763196162   -0.0046370906036597
 0.0352809816318036   -0.0240582085743686   -0.0061327740925647
-0.0196378670942842   -0.0284477584628765    0.0110397446659204
 0.0313426773735889   -0.0377612734740402    0.0048931428135308
-0.0297588199297139    0.0341044349610070    0.0341250548560262
-0.0182375276242368    0.0685834297399208   -0.0368385468007031
 0.0033270969464752   -0.0197071039660855    0.0737208186384824
-0.0163329462129739    0.0292562025894596    0.0016085479516966
-0.0214188483860125   -0.0341642205106545   -0.0127196118252175
 0.0199526825769242   -0.0096619874812517   -0.0455112579076956
-0.0250386003037419    0.0342951207103676    0.0103725171802011
-0.0390730091484509    0.0441563347248484    0.0970308942648910
 0.0107080198094924    0.0136328600695692    0.0577703932340064
-0.0202287708227143   -0.0135123095745152   -0.0177967178128037
 0.0296515811546936   -0.0085711157042867    0.0471941613276294
-0.0128996384777033    0.1067376304175148   -0.0852511886071983
 0.0479842041453495   -0.0650985151161695   -0.0673176415330974
-0.0547002362324808   -0.0022477164047689   -0.0166398345469988
-0.0610611267054980    0.0238364544190274   -0.0090721063224693
-0.0132712833917571    0.0149844893149804    0.0407186863409502
 0.0857264926880254   -0.0106086069672405   -0.0179902205572267
 0.0075426924979611   -0.0192195632133511    0.0027316487187874
 0.0175604630266673    0.0341054950606592   -0.0817895480755697
-0.0640400931664403    0.0047468105577746   -0.0748966914064502
-0.0961157561001094   -0.0432860283821127   -0.0039058103652239
-0.0166431197164994    0.0865083802629661    0.0235656219194522
 0.0157214099759840    0.0068562986359826    0.1201085185818285
 0.0048090704822821    0.0197805584291345    0.0098754534049595
 0.0061667624643790   -0.0341881275170095   -0.1080583170944810
-0.0953481007969022   -0.0711427020169488    0.0085261457722805
-0.0250240757614256    0.0376722122194022    0.0234161226120109
 0.0289207477170437    0.0744899160198309    0.0741623018976293
-0.0819138779501901    0.0124559187914639    0.0875992106479264
 0.0054264711051806    0.0525446933261419   -0.0328711661115886
 0.0178218112636785    0.0334735013349216    0.0180834466871318
 0.1007785114363065   -0.1099662452857391    0.0716236738801068
-0.0432402877983362    0.0932609931354660   -0.0167083729177064
-0.0372485855489725   -0.0263030566579378    0.0062587292665790
 0.0139971948354661   -0.0188681452730246    0.0280114279398315
 0.0198421277117926   -0.1016703397151087   -0.0597218741114542
-0.0849810417344310   -0.0554825337095652    0.0848436734717966
 0.0549428185645744    0.0106041247111771   -0.0044820799203204
 0.0228620889722516    0.0854887894418940    0.0498333131923025
 0.0978416206219903   -0.0219708918330113    0.0988371544986222
-0.0395432982697937   -0.0237305453280028   -0.0626583715515557
-0.0384217789170295   -0.0094428726945819    0.0214006896852954
 0.0620769577755294   -0.0701722051131645   -0.0720816295964143
 0.0390865513209430    0.0041597643315748   -0.1278805089646078
 0.0144670899877292    0.0470651586045850    0.0216268275474509
 0.0392657332806416    0.0114299183485540   -0.0505530829664891
 0.0288756651119075    0.0015427273575454   -0.0023906953803429
-0.0705893937692196    0.0641304082187169   -0.0193376507528495
-0.0971154745175109    0.0144272058936200   -0.0083990001570375
 0.0033166142933781   -0.0369823173735763   -0.0549104437089936
-0.0440225225609999    0.0163999561126547    0.0014829194208883
-0.0181476288528663    0.0282598129491602   -0.0307431864612093
-0.0155062695667279    0.0142000709071141    0.0291131075980014
 0.0097734295291386    0.0045849689730462    0.0445970688235933
 0.0447213245329295    0.0022506848563971   -0.0220600434460395
 0.0261174343206947   -0.0556276393911564   -0.0103495435352547
 0.1450609717173772    0.0654055096514986   -0.0466299620275171
-0.0317952433605220    0.0188816075622696    0.0168559903559771
 0.0654721983473067   -0.0414442467499055    0.0795521220329401
-0.1297517303966543    0.1662736537330726    0.0518636938659651
-0.0090349601645980   -0.0632322424732665   -0.0843611105811679
-0.0526956528775940    0.0727809855099406   -0.0509955140206905
-0.0001678016896919   -0.0530259344021839   -0.0118776295406100
 0.0146377932317576    0.1007554939089398    0.0748092258000717
 0.0706406566761372   -0.0210630050819338   -0.0078319412779873
-0.0059263577937006   -0.0062079117697989    0.0647863539690606
 0.1281979358315629    0.0696765895145429   -0.0682553297663613
-0.0294750656849899   -0.0316179761985511    0.0064054043121617
-0.0153174337571497   -0.0364689529677593   -0.0295349142242800
 0.0597222383942769   -0.0369240583272117    0.0216520041180960
-0.0227129585832403   -0.0018359384860137    0.0322446794292699
 0.0224236145607680    0.0045303936466016    0.0634176643649816
 0.0544102092540093   -0.0280086825147660    0.0107628491153435
 0.0771634075659993   -0.0449578530937710   -0.0374571362047516
 0.0023549458019725    0.1342046126156719   -0.0317593308466537
-0.0536614292336745   -0.0343501085737566    0.0267037983359592
 0.0176217052128236   -0.0277734580668220   -0.0368046949952125
-0.0552438156728631   -0.0002012241620509    0.0371738699928004
 0.0182079167592534   -0.0345942164485916    0.0711992068278141
-0.0022784643933990    0.0466995531794924    0.0388109514674793
 0.0224378359856103   -0.1328139903706019   -0.0946271115250478
 0.1042346547814426    0.0039045496311226   -0.0605862094521923
 0.0735836859204128    0.1022052863172675   -0.0171913375544308
-0.0006958233685687    0.0618884343136515    0.0849636185434554
-0.0845629505873473   -0.0132906302455288    0.0906033765710004
-0.0195484590227610   -0.0345373681488648   -0.0533588460493932
 0.0047647597045500   -0.0404380717051551   -0.0299716174435095
-0.1022752379502880   -0.0403088977661108    0.0000020681243981
-0.0792811156645709   -0.0611630738657029    0.0458625144649336
 0.0515240366349113    0.0641283597121747   -0.0624406352841880
 0.0429079821913135    0.0381787414460859    0.0357800281992599
-0.0700545674313051   -0.0197222428601412    0.0923984820128195
-0.0072171607937078   -0.0501618055908337   -0.0511386732776982
-0.0184505566358783    0.0537633544169969    0.0264019539743438
-0.0578678711157630   -0.0109340038602881   -0.0410056977876649
 0.0120600431583173    0.0110049773547835    0.0933987936205067
-0.2178948661774052    0.0729514809193939    0.0015623430790020
 0.0035804839070430    0.0180715029762211   -0.0098203149498888
 0.0860572118170016    0.0518026470651717    0.0507016937687693
-0.0089084992088665   -0.0112856440399263   -0.0114797395168521
-0.0185879682278924   -0.0103117475155873   -0.0179828163106950
 0.0116087627618272    0.0055583761939621   -0.0248676652049322
-0.0296052844834690   -0.0869796315075027    0.0307991298813365
-0.0067398883195207   -0.0984918956941934    0.0536807770042890
-0.0076793148743326    0.0024086400911992    0.0000828997720317
-0.0987946673764668   -0.0692439633858847    0.0122026697592139
-0.0554803124782420    0.0822148884997208    0.0685706227843189
 0.0423204403566124    0.0521361459394365    0.0066678803088150
 0.0496309773437179    0.0186971816989186   -0.0010414780667591
-0.1022206397577646    0.0064419965702416   -0.0134683526998166
-0.0135743717902640    0.0416723572059033   -0.0159469058827336
 0.0069373872974324   -0.0106819296328187   -0.0201492493069743
-0.0671753022013826   -0.0066823467133213    0.0031282044287166
 0.0045315529235758   -0.1270898028307433   -0.0068538080089105
 0.0478987968362039   -0.0073684886449129   -0.0063706972777378
 0.0728304004911207    0.0220865135223571    0.0724050842816682
-0.0357516945135405    0.0737438914709514   -0.0563151523218799
 0.0742189178093834    0.0599508550213016    0.0744524585291301
 0.0317239146876526    0.0003519623089745    0.0651611271993233
 0.0692327015683244   -0.0744312634032731   -0.1269569505835472
-0.0214568622567328    0.0014837990632784   -0.0039074857903086
-0.0642517917424143    0.0114968833138771   -0.0163607607648948
 0.0088480732795317    0.0256106075624327   -0.0493473374750694
 0.0278290392941668    0.0435294238712042    0.0208703772445169
 0.0550805771334982    0.0063802446077546   -0.0664750850992025
 0.0025871789811871   -0.0175712931619569    0.0047555920631695
-0.0469073778606163    0.0164942956012155   -0.0382853811493342
 0.0305269115203095    0.0261276986405908    0.0334521156672256
 0.0573698825558348   -0.0003736663957170   -0.0051827827691333
-0.0036364972461422   -0.0017014142847289   -0.0100448143056132
-0.0110357200754907    0.0055819931434955   -0.1122876203877598
-0.0139697839849784   -0.0088745708448868    0.0240861690535981
-0.0199387790684189   -0.0195750083056577   -0.0570501182737005
 0.1072663524605003   -0.1220368457861687   -0.0170802122472387
-0.0495205288415841   -0.0275730580596006   -0.0690387029968501
 0.0306384696585364    0.0312161479467465    0.0777454311701963
-0.0751539181612129   -0.0561636780788259   -0.0895267150234221
 0.0352797972548920    0.0179399646143101   -0.0097795085167217
-0.0165538514488779   -0.0104873442929914    0.1222501757789049
 0.0291519092986375   -0.0409452471882193    0.0531611947040834
 0.0496394797693532   -0.0299385787640031   -0.0282152042628643
 0.0324982075039038   -0.0267412420406764    0.0064040876854194
 0.0079956540495479   -0.0447405031287815    0.0019428966699282
-0.0558066077996825   -0.0856360105064265   -0.0174827045361207
-0.0244606561462563    0.0866675838648855    0.0428625283581498
-0.1091610435159385   -0.0270307600949382   -0.0388984860108462
-0.0414799058648200   -0.0085112588502538    0.0110553437640098
-0.0222488952274892    0.0358007551497466    0.0205950215674550
-0.0490914181827912    0.0824440127710282   -0.0283067698758473
-0.0458066819938235   -0.0461270420916965   -0.0378614275178269
-0.0402513662312631    0.0260703318751630    0.0810331607130809
 0.0907051579752275   -0.0232743271574940    0.0792936066004023
 0.0559895700203879    0.0105442854425908   -0.0287723272723866
-0.0824060231030215   -0.0036902368326598   -0.0919379224995216
-0.0529968996399658   -0.0429294117519353    0.0853818087246955
-0.0699916464956928   -0.0206458329233359   -0.0989816412074400
-0.0921378510726547   -0.0390967825459226    0.0464859753133030
 0.0519227682559206    0.0406203478526876   -0.0696553700492020
-0.0032517937157998    0.0626756074680687   -0.0021684119636889
-0.0197088106504237   -0.0151189960508005    0.0447901515959185
 0.1135083025930328    0.0513534045047136    0.0652584955958330
-0.0169599154832201    0.0187376364101012    0.0129089348003888
-0.1348820923814588   -0.0145944192013494   -0.0443599623086408
 0.0667024580481404   -0.1143751118162763   -0.0206105360641449
 0.0408472103211815   -0.0038459723364647   -0.0122448478142088
 0.0483347305744647    0.0287782648495659   -0.0014267145801542
 0.0095201501149718   -0.0546947533755539   -0.0334684247199615
-0.0610518726040388    0.0776880398419378    0.0181217030708232
 0.0652021433902479    0.0556757365978897    0.0560732143281074
-0.0129341462244766    0.0621408561046826   -0.0584943470862774
 0.0141408963444747   -0.0521328185753651    0.0600116061945596
-0.0205918654928842    0.0343659476250087   -0.0541588939175793
-0.0453792369450610    0.0143005009257997   -0.0234386859886990
 0.1007928717102424   -0.0264792596992943    0.0865190986931495
-0.0408393258469426    0.0525867959973932   -0.0421203572369646
-0.0172554489250176    0.0029061768009081    0.0093343513619150
-0.0061658177545852   -0.0526865219631472   -0.0480854829315160
 0.0308339717463847    0.0338762491044002    0.0106737040296846
 0.0849592731632955   -0.0544071713675634   -0.0058846447195022
-0.0895644077342809    0.0774402906534223    0.0299789936560811
-0.0379345504737848    0.0247625740062148    0.0116402626591202
-0.0032050259890260   -0.1153652270330370    0.0673888524351257
 0.0025642139616839   -0.0451296852512758   -0.0126288662848901
 0.0260767646868589   -0.0767047835093248    0.0693731737749189
 0.0214957745735958   -0.0820549735928883   -0.0578187588010639
 0.0724095984446042    0.0026493486664256    0.0481396444500190
 0.0721444559209916    0.0528591340734863   -0.0823858679769587
-0.0296686588821159    0.1147908772241592    0.0384241775709810
 0.0198840149697713    0.0105065353838511    0.0006646091449757
-0.0391746948905835   -0.0078425917893516   -0.0367653299178546
-0.0120309469953051    0.0192134799304628   -0.0726427694993259
 0.0625304377574090    0.0059554722883970    0.0006601503240666
 0.0589796271887903    0.0050577453003595    0.0667712080147964
 0.0084134802124364   -0.0156493108191571    0.0002658489657240
-0.0152924072233903   -0.0689260720508038   -0.0195886000750271
 0.0577912217068445    0.0074554248785714    0.0555386569713148
-0.0464931982046636   -0.0008720302843094    0.0242491007127430
 0.0003734461329387   -0.0415175729759097    0.0686921013544869
-0.0264374767399749    0.0031233602431986   -0.0022826757754429
-0.0115268160425902   -0.0440404423382105   -0.0710565944633359
-0.0255145485944531   -0.0271485091289591   -0.0027023535102810
 0.0247404655803823    0.0888988337531705    0.0305878704065819
-0.0088520286696543   -0.0155773454305902    0.0213856926518384
 0.0120756133615638    0.0267917727804758   -0.0698803894285234
 0.0406149994100255    0.0106092440929043    0.0319056505150078
 0.0295495888732884    0.0663816466895461   -0.0049160227707686
 0.0901947316220646    0.0967893463363456   -0.0142328795401513
 0.0267839923704361   -0.0461814096100105    0.0844285688752054
 0.0551997592762755    0.0285692259220853   -0.0211352474183938
-0.0750240374354686   -0.0565455192351147    0.0614339775049739
 0.0013201350064041   -0.0693569236021055    0.0668826648939547
-0.0443606449643423    0.0654252335741415    0.0309961375299521
 0.0165006290455117    0.0240153420041597   -0.0361873469147016
 0.2069380542288215    0.0555724366958613   -0.0334014455297349
 0.0954025465784576    0.0113894151581814    0.0404650165949307
-0.0428895250052463    0.0232164944762993    0.0823690443503052
-0.0083945501085018   -0.0309448698809008    0.0268819717200299
 0.0890958826906774   -0.0758192139344336    0.0302820782944252
-0.0474410746187547   -0.1347786879005577   -0.1016680887490727
-0.0115395218306525    0.0314298803505868    0.0747351803547663
 0.0298705986366064    0.1153544960275271   -0.0273509390916265
 0.0101731339222408   -0.0018909170661816   -0.0733264143392099
 0.0377620515275714    0.0091317108782660    0.0181762946195231
 0.0850706606488989   -0.0194653059117153    0.1244164833572707
-0.0534848697782943    0.0844922377171883    0.0226033292116331
-0.0288223421195595   -0.0057325240108020   -0.0146200847817532
-0.0601480269338397   -0.0148852307562982   -0.1286641035892507
 0.0092064140125970    0.0609482922217472    0.0020980498424434
-0.0275187052310976   -0.0219405994273796    0.0139606940094083
 0.0192247909448738   -0.0052826671686369   -0.0113582946402986
-0.0543308337654535   -0.0311940517596690    0.0351397660585811
 0.0523184567165219   -0.0201308930650417    0.1112537324807283
-0.0684145099444332    0.0479891464529367   -0.0568058744268629
-0.0921053674793349   -0.0195889325763132   -0.0355224589361724
 0.0637724660417694    0.0060302632773656   -0.0061194937124077
-0.0292508485741891    0.0418479981035585   -0.0426350932401003
-0.0238172965923715    0.0239022352517192   -0.0553760077761423
 0.0164523585332282   -0.0383695693608186    0.0327972336623746
 0.0054488131112104    0.0458818319689679   -0.0370378133284970
 0.0375573144175040   -0.0403242059889775   -0.0284371206074171
-0.0033193045609383   -0.0240208742389625   -0.0179853527624104
-0.0803716977640129   -0.0127534974264509    0.0011669167594706
 0.0033585779550097   -0.0131479577575517    0.0040096746294117
-0.1296749156293394   -0.0276604283662315   -0.0994579120723471
 0.0206532712123455    0.0708032244440829   -0.0650219080780870
 0.0482915172507042   -0.0678777713451743   -0.0618112446595598
 0.0589885004611275   -0.0810753935658334   -0.0307498664380060
-0.1488835976629612   -0.0066699849801415   -0.0019647074096892
-0.1042863782935494   -0.0688168696713030    0.0210218811815118
-0.0828945168036673    0.0579182458943287    0.0524375539370263
-0.0157319760258183   -0.0166531233971869   -0.0397768266018367
 0.0499415116914796   -0.0292805407391028    0.0200017654011975
-0.0492112807274532    0.0203902562388735   -0.0144443720033850
-0.0562686788129898   -0.0228038282681467    0.0309358380757847
 0.1028574342602424    0.1385272771959006    0.0607666440894792
 0.0230627302796904    0.0395301525389949   -0.0193811562004338
 0.0391913821572186   -0.0118901938811947    0.0415759666876001
-0.0821714090493665    0.0765211433729648    0.0294031775683461
 0.0016990357387292   -0.0184435137485690   -0.0059681812523749
 0.0474051433506878   -0.1282739643306435   -0.0180576010508458
 0.1229913012458315   -0.0114536962623722    0.0917119640868707
 0.0026640791680417    0.0117889573151816    0.0183382659360449
-0.0054992107707723   -0.0059009069188190   -0.0233950908336994
 0.0308281253454334   -0.0092775853430384    0.0081049448599764
 0.0045688045041674   -0.0630465369657878   -0.0096347297614742
 0.0258452238310530    0.0416579425394586    0.0236859477937860
-0.0597978873083295   -0.0641557475312327   -0.0527179663988057
-0.0031080302515697    0.0139069157470352   -0.0980332700685143
 0.0757648226580813   -0.0766112875554399   -0.0201824404417362
 0.0609337227017441   -0.0234187785734144   -0.0005034532949412
-0.0867633047701587    0.0341070651804630    0.0107425723158354
-0.0253522991998417    0.0067502407855028   -0.0225248088175496
 0.0468658066892772    0.0024793511204190   -0.0389914210961860
 0.0754826799994252    0.0157520707503691    0.0302704944945210
 0.0055433946022674    0.0489951037313949    0.0030253067397891
 0.0281659863617028    0.0330918764629053    0.0081657396687830
-0.0666895546474087   -0.0227835820260572    0.0073762331793807
 0.0064759578427707   -0.0945793830380804    0.1088539709342109
-0.1062630474016400   -0.0628920562622926    0.0883964347370939
 0.0661062975355350   -0.0324041496325712    0.0394428850629654
 0.0331248884075827   -0.0353497134399173   -0.0523690414167376
 0.0137445597451036    0.0968060875112940   -0.0013554486143764
-0.0064408111024562   -0.0217581527532392    0.0692211720076238
 0.0336127774098807   -0.0286426227266218   -0.0556106007698189
 0.0252578036405211   -0.0055979373722140   -0.0137517196678984
 0.0121779336448224   -0.0001782314892853   -0.0233404182543853
-0.0796692513784050   -0.0673696735285000   -0.0326023860819769
 0.0220560675482404   -0.0410176276313471   -0.0221642655132391
 0.0359515765742097   -0.0532579756613516   -0.0106716091800757
-0.0665191766358469    0.0487048108909671   -0.0013167815657900
-0.0267093436607941    0.0621522995907166   -0.0237000309721187
 0.0176045829943624    0.0170353377229695   -0.0606079220784298
 0.0986597031475202   -0.0667681306934939   -0.0143510715666233
 0.0402618796918653   -0.1029182253396931   -0.0235035356608663
-0.0423642646820652    0.0521265080038366   -0.0642746181341275
 0.0214910888695846    0.0016765632159595   -0.0409511737681098
-0.0328207428979904   -0.0369304059855525   -0.0039234529871496
 0.0572239622797315    0.0869789895561976   -0.0136402337589872
 0.0241308891132946    0.0064566589779765    0.0989558647355777
-0.0591689145441570   -0.0046762639391762   -0.0092201600307788
-0.0598954534065422    0.0646085669360248   -0.0040143451388397
-0.0536351722929672   -0.0318889359635369    0.0099535623938931
-0.0155564704565325   -0.0273833820484742   -0.0374303949756754
 0.0483275950509119   -0.0260980480918585    0.0525927622768548
-0.0641183775015626   -0.0360439136783374   -0.0268230105391819
 0.0969090614855176   -0.0179977443700956    0.0321703158093214
 0.0156694303529312    0.0426178202762679   -0.0171969036006519
-0.0514111849232102   -0.0081723302781609    0.0790047896337897
-0.0474862730735871    0.0682959038301597    0.0159715294245622
-0.0911443731925141   -0.0069708147400205   -0.0913442879254101
 0.0183961408292581    0.0310997248390327   -0.0503939806274826
-0.0096091321540814    0.0362180082983315    0.0100192037009750
 0.0379366105771331   -0.0146667433094184   -0.0282162965699944
-0.0449291755631984   -0.0009092395746124   -0.0343782172764972
 0.0234709594102829   -0.0587673944628573   -0.0055000298640025
 0.0810238375271700    0.0787054792956000    0.0828715294699132
 0.0515833388915068    0.0111085503899924    0.0057629082397173
 0.0007363155912207   -0.0468512424747270   -0.0463733665574899
 0.0142510503852462    0.0791806654804062   -0.1009846983378764
 0.0124327161094025    0.0024849566269610   -0.0381390327599635
 0.0523596242782461    0.0135488858437425    0.0974450511350675
 0.0478580967069886   -0.0344780460625100    0.0710899470148345
-0.0136499252905830    0.0407791103266447   -0.0380886403766434
-0.0441800733201316   -0.0409644104569356   -0.0455798948156263
 0.0904330123970770   -0.0571595523861869    0.0870427155539705
 0.1243188732396460   -0.0035703937705160   -0.1338080337744179
 0.0399317537171957    0.0296824671834955   -0.0328998518536420
-0.1956168712445951    0.0488291638332377    0.0764557739603639
 0.0138115145795019    0.0508066135285746    0.0111998529594223
-0.0830610867612247    0.0013027422894576    0.0586597336211883
 0.0879120836672039   -0.0318899792050910   -0.0794812534450264
-0.0299026681681096    0.0325914744847048   -0.0080739798556931
-0.0532865888782981    0.0665581038749059    0.0174429376285236
 0.0165470274570563   -0.0144958359238311    0.0969353714137180
 0.0645118395372601    0.0720174581094313    0.0829391593887995
 0.0768569086948166   -0.0130064133423079    0.0038160726171876
-0.0674043273214333    0.1059476428048985    0.0326778899760805
 0.0711010916210272    0.0090737799085108   -0.0274334131144640
-0.0340827009071375   -0.0044791414209200   -0.0486461255954698
-0.0024569726732166    0.0386233157791504   -0.0285371298277999
-0.0616021418245960    0.0220036925297131    0.0356029595267920
-0.0386549907505886    0.0054087504077291   -0.0197209194886686
-0.0840473772875257   -0.0137790253253095   -0.1045145771881217
-0.0036897502500222   -0.0308268411239344    0.0295448795187959
 0.0506543755912957   -0.0377320105771446    0.1057229100954796
-0.0884455999070920   -0.0212326656568551   -0.0385312300346224
 0.0831529187340765   -0.0635523928369710   -0.0360945418934016
-0.0557007172476350    0.0257575102250354   -0.0408822858399105
